0 1 1 1 1 
0.01 0.973585 0.960131 0.960031 0.960068 
0.02 0.947187 0.920261 0.920162 0.920237 
0.03 0.920821 0.880789 0.880494 0.880604 
0.04 0.894503 0.841316 0.841124 0.841269 
0.05 0.86825 0.802625 0.802148 0.802326 
0.06 0.842078 0.763934 0.76366 0.763869 
0.07 0.816002 0.726387 0.725748 0.725986 
0.08 0.790039 0.68884 0.688499 0.688762 
0.09 0.764204 0.652765 0.651992 0.652277 
0.1 0.738513 0.61669 0.616303 0.616607 
0.11 0.712982 0.582374 0.5815 0.58182 
0.12 0.687625 0.548059 0.547648 0.547979 
0.13 0.662458 0.515743 0.514802 0.515142 
0.14 0.637496 0.483427 0.483013 0.483357 
0.15 0.612753 0.453296 0.452324 0.452669 
0.16 0.588244 0.423166 0.422771 0.423113 
0.17 0.563984 0.395353 0.394383 0.39472 
0.18 0.539987 0.36754 0.367183 0.367512 
0.19 0.516266 0.342122 0.341187 0.341503 
0.2 0.492834 0.316705 0.316402 0.316705 
0.21 0.469706 0.293708 0.292833 0.293119 
0.22 0.446894 0.270711 0.270475 0.270743 
0.23 0.424411 0.250112 0.249319 0.249567 
0.24 0.402268 0.229513 0.229351 0.229578 
0.25 0.380479 0.211246 0.210551 0.210755 
0.26 0.359054 0.192979 0.192894 0.193076 
0.27 0.338006 0.176942 0.176353 0.176511 
0.28 0.317344 0.160905 0.160895 0.161031 
0.29 0.29708 0.146966 0.146486 0.146599 
0.3 0.277223 0.133027 0.133088 0.133179 
0.31 0.257783 0.121033 0.120661 0.12073 
0.32 0.23877 0.109039 0.109163 0.109212 
0.33 0.220192 0.0988218 0.0985512 0.098581 
0.34 0.202058 0.0886047 0.0887814 0.0887934 
0.35 0.184376 0.0799885 0.0798092 0.0798048 
0.36 0.167154 0.0713722 0.0715898 0.0715706 
0.37 0.150398 0.0641788 0.0640786 0.0640462 
0.38 0.134116 0.0569854 0.0572315 0.0571877 
0.39 0.118313 0.0510402 0.0510052 0.0509516 
0.4 0.102995 0.045095 0.0453573 0.0452956 
0.41 0.0881681 0.0402307 0.0402467 0.0401784 
0.42 0.0738361 0.0353665 0.0356334 0.0355604 
0.43 0.0600037 0.0314266 0.0314794 0.0314031 
0.44 0.0466746 0.0274868 0.0277478 0.0276698 
0.45 0.0338521 0.0243278 0.0244039 0.0243257 
0.46 0.0215389 0.0211689 0.0214146 0.0213375 
0.47 0.00973743 0.0186615 0.0187487 0.018674 
0.48 -0.00155063 0.0161542 0.0163767 0.0163058 
0.49 -0.012324 0.0141841 0.0142712 0.0142052 
0.5 -0.0225819 0.0122141 0.0124067 0.0123467 
0.51 -0.032324 0.0106818 0.0107591 0.0107063 
0.52 -0.0415507 0.00914954 0.00930661 0.00926187 
0.53 -0.0502627 0.00796983 0.00802875 0.00799313 
0.54 -0.0584613 0.00679012 0.00690686 0.00688133 
0.55 -0.0661481 0.00589105 0.00592384 0.00590936 
0.56 -0.0733257 0.00499198 0.00506406 0.00506158 
0.57 -0.0799966 0.00431373 0.00431331 0.00432379 
0.58 -0.0861642 0.00363548 0.0036587 0.00368314 
0.59 -0.0918323 0.00312902 0.00308858 0.00312802 
0.6 -0.0970052 0.00262255 0.00259246 0.00264796 
0.61 -0.101688 0.00224821 0.00216091 0.00223361 
0.62 -0.105885 0.00187386 0.00178547 0.00187657 
0.63 -0.109602 0.00159999 0.00145861 0.00156939 
0.64 -0.112847 0.00132612 0.00117359 0.00130543 
0.65 -0.115624 0.0011278 0.000924458 0.00107882 
0.66 -0.117942 0.000929484 0.000705914 0.000884352 
0.67 -0.119809 0.000787341 0.000513287 0.000717475 
0.68 -0.121231 0.000645198 0.000342458 0.000574174 
0.69 -0.122218 0.000544361 0.00018981 0.00045094 
0.7 -0.122778 0.000443524 5.21676e-05 0.000344712 
0.71 -0.122921 0.000372724 -7.32416e-05 0.000252826 
0.72 -0.122657 0.000301923 -0.000188836 0.000172972 
0.73 -0.121995 0.000252723 -0.000296718 0.000103151 
0.74 -0.120946 0.000203523 -0.000398709 4.16407e-05 
0.75 -0.119522 0.000169685 -0.000496382 -1.30384e-05 
0.76 -0.117733 0.000135846 -0.000591087 -6.21546e-05 
0.77 -0.11559 0.000112814 -0.000683982 -0.00010679 
0.78 -0.113107 8.97807e-05 -0.000776051 -0.000147864 
0.79 -0.110295 7.42646e-05 -0.000868123 -0.000186156 
0.8 -0.107167 5.87485e-05 -0.000960895 -0.000222323 
0.81 -0.103736 4.84041e-05 -0.00105494 -0.000256912 
0.82 -0.100014 3.80596e-05 -0.00115073 -0.000290383 
0.83 -0.0960168 3.12341e-05 -0.00124863 -0.000323113 
0.84 -0.0917568 2.44087e-05 -0.00134892 -0.00035541 
0.85 -0.0872483 1.9951e-05 -0.00145183 -0.000387524 
0.86 -0.0825056 1.54933e-05 -0.00155749 -0.000419653 
0.87 -0.0775434 1.26109e-05 -0.00166597 -0.00045195 
0.88 -0.0723764 9.72845e-06 -0.0017773 -0.000484529 
0.89 -0.0670195 7.88131e-06 -0.00189146 -0.000517474 
0.9 -0.0614879 6.03416e-06 -0.00200838 -0.000550837 
0.91 -0.0557969 4.85805e-06 -0.00212793 -0.000584649 
0.92 -0.0499621 3.68194e-06 -0.00224997 -0.000618917 
0.93 -0.043999 2.93262e-06 -0.00237432 -0.000653632 
0.94 -0.0379234 2.1833e-06 -0.00250076 -0.000688771 
0.95 -0.0317511 1.69667e-06 -0.00262906 -0.000724295 
0.96 -0.0254982 1.21005e-06 -0.00275897 -0.000760156 
0.97 -0.0191806 8.73538e-07 -0.0028902 -0.0007963 
0.98 -0.0128145 5.37027e-07 -0.00302246 -0.000832661 
0.99 -0.00641607 2.68513e-07 -0.00315545 -0.000869174 
1 -1.38672e-06 0 0 0 
