0 1 1 1 1 
0.01 0.977792 0.974775 0.974749 0.974759 
0.02 0.955596 0.94955 0.949523 0.949543 
0.03 0.933424 0.924426 0.924347 0.924378 
0.04 0.911289 0.899301 0.899247 0.899288 
0.05 0.889201 0.874377 0.874247 0.874298 
0.06 0.867173 0.849453 0.849373 0.849433 
0.07 0.845217 0.824826 0.824647 0.824717 
0.08 0.823345 0.800199 0.800095 0.800174 
0.09 0.801569 0.775964 0.775738 0.775826 
0.1 0.779899 0.751728 0.751601 0.751697 
0.11 0.758348 0.727972 0.727704 0.727808 
0.12 0.736926 0.704216 0.704068 0.704181 
0.13 0.715646 0.681023 0.680716 0.680836 
0.14 0.694519 0.65783 0.657665 0.657793 
0.15 0.673554 0.635278 0.634936 0.63507 
0.16 0.652764 0.612726 0.612546 0.612686 
0.17 0.632158 0.590884 0.590512 0.590658 
0.18 0.611748 0.569042 0.56885 0.569001 
0.19 0.591543 0.547973 0.547575 0.547731 
0.2 0.571554 0.526903 0.526701 0.526862 
0.21 0.55179 0.50666 0.506241 0.506407 
0.22 0.532262 0.486417 0.486208 0.486376 
0.23 0.512978 0.467045 0.46661 0.466783 
0.24 0.493947 0.447673 0.447459 0.447635 
0.25 0.475179 0.42921 0.428763 0.428941 
0.26 0.456682 0.410746 0.410529 0.41071 
0.27 0.438465 0.393218 0.392763 0.392947 
0.28 0.420536 0.37569 0.375471 0.375657 
0.29 0.402902 0.359117 0.358657 0.358845 
0.3 0.385571 0.342544 0.342324 0.342514 
0.31 0.368551 0.326937 0.326475 0.326666 
0.32 0.351847 0.311329 0.311109 0.311302 
0.33 0.335468 0.296689 0.296227 0.296422 
0.34 0.319419 0.28205 0.281828 0.282026 
0.35 0.303705 0.268373 0.267911 0.268111 
0.36 0.288334 0.254696 0.254472 0.254674 
0.37 0.27331 0.241969 0.241509 0.241714 
0.38 0.258637 0.229243 0.229016 0.229224 
0.39 0.244321 0.217448 0.216988 0.217199 
0.4 0.230367 0.205653 0.20542 0.205635 
0.41 0.216776 0.194766 0.194305 0.194525 
0.42 0.203555 0.183878 0.183636 0.18386 
0.43 0.190704 0.173869 0.173405 0.173635 
0.44 0.178228 0.163859 0.163603 0.163839 
0.45 0.166129 0.154693 0.154222 0.154465 
0.46 0.154409 0.145527 0.145253 0.145504 
0.47 0.143069 0.137167 0.136686 0.136945 
0.48 0.132111 0.128807 0.12851 0.128779 
0.49 0.121536 0.121213 0.120716 0.120995 
0.5 0.111344 0.113618 0.113293 0.113583 
0.51 0.101536 0.106747 0.106229 0.106533 
0.52 0.0921111 0.0998761 0.0995152 0.0998319 
0.53 0.0830691 0.0936841 0.0931389 0.0934702 
0.54 0.0744088 0.0874921 0.0870892 0.0874364 
0.55 0.0661291 0.0819343 0.0813549 0.081719 
0.56 0.0582283 0.0763766 0.0759246 0.076307 
0.57 0.0507042 0.071408 0.070787 0.0711888 
0.58 0.0435544 0.0664394 0.0659309 0.0663534 
0.59 0.0367762 0.0620152 0.061345 0.0617896 
0.6 0.0303662 0.057591 0.0570182 0.0574862 
0.61 0.0243211 0.0536671 0.0529396 0.0534323 
0.62 0.0186368 0.0497433 0.0490984 0.049617 
0.63 0.0133091 0.0462769 0.0454838 0.0460299 
0.64 0.00833347 0.0428105 0.0420855 0.0426604 
0.65 0.00370487 0.0397602 0.0388933 0.0394983 
0.66 -0.000581972 0.0367099 0.035897 0.0365335 
0.67 -0.0045327 0.0340362 0.0330869 0.0337563 
0.68 -0.00815329 0.0313624 0.0304536 0.0311573 
0.69 -0.01145 0.0290276 0.0279877 0.028727 
0.7 -0.0144295 0.0266928 0.0256804 0.0264566 
0.71 -0.0170988 0.0246615 0.0235228 0.0243374 
0.72 -0.0194649 0.0226302 0.0215066 0.0223608 
0.73 -0.0215355 0.0208692 0.0196236 0.0205188 
0.74 -0.0233184 0.0191082 0.0178661 0.0188034 
0.75 -0.0248217 0.0175866 0.0162264 0.0172072 
0.76 -0.0260538 0.0160649 0.0146974 0.0157228 
0.77 -0.0270233 0.014754 0.013272 0.0143432 
0.78 -0.0277391 0.013443 0.0119435 0.0130617 
0.79 -0.0282105 0.0123164 0.0107057 0.0118719 
0.8 -0.0284468 0.0111897 0.00955226 0.0107676 
0.81 -0.0284576 0.0102231 0.00847739 0.00974284 
0.82 -0.0282529 0.00925644 0.00747549 0.00879199 
0.83 -0.0278426 0.00842755 0.00654118 0.00790963 
0.84 -0.0272371 0.00759867 0.00566936 0.0070906 
0.85 -0.0264468 0.0068872 0.00485515 0.00632995 
0.86 -0.0254824 0.00617573 0.00409387 0.00562295 
0.87 -0.0243546 0.00556305 0.00338108 0.00496507 
0.88 -0.0230746 0.00495038 0.00271252 0.004352 
0.89 -0.0216533 0.00441942 0.00208412 0.00377958 
0.9 -0.0201021 0.00388846 0.00149198 0.00324383 
0.91 -0.0184324 0.00342348 0.000932376 0.00274095 
0.92 -0.0166557 0.00295851 0.000401706 0.00226725 
0.93 -0.0147836 0.00254494 -0.000103482 0.00181919 
0.94 -0.0128278 0.00213137 -0.000586522 0.00139333 
0.95 -0.0108001 0.00175554 -0.00105065 0.000986362 
0.96 -0.00871247 0.00137971 -0.00149899 0.000595036 
0.97 -0.00657673 0.00102865 -0.00193461 0.00021619 
0.98 -0.00440491 0.000677589 -0.00236051 -0.00015328 
0.99 -0.00220899 0.000338794 -0.00277964 -0.000516434 
1 -1.03133e-06 0 0 0 
