0 1 1 1 1 
0.01 0.982547 0.982159 0.982141 0.982151 
0.02 0.965101 0.964319 0.964291 0.964311 
0.03 0.947671 0.946514 0.946458 0.946489 
0.04 0.930262 0.928709 0.928653 0.928694 
0.05 0.912882 0.910975 0.910882 0.910934 
0.06 0.895539 0.893241 0.893156 0.893218 
0.07 0.87824 0.875612 0.875483 0.875555 
0.08 0.860992 0.857984 0.857872 0.857954 
0.09 0.843803 0.840496 0.84033 0.840423 
0.1 0.826678 0.823008 0.822867 0.82297 
0.11 0.809626 0.805694 0.805491 0.805605 
0.12 0.792654 0.788379 0.78821 0.788334 
0.13 0.775767 0.771271 0.771031 0.771166 
0.14 0.758974 0.754163 0.753964 0.75411 
0.15 0.74228 0.737292 0.737015 0.737172 
0.16 0.725693 0.720421 0.720192 0.72036 
0.17 0.709218 0.703817 0.703503 0.703682 
0.18 0.692862 0.687213 0.686955 0.687144 
0.19 0.676632 0.670904 0.670554 0.670755 
0.2 0.660534 0.654596 0.654307 0.654519 
0.21 0.644573 0.638609 0.638221 0.638445 
0.22 0.628756 0.622622 0.622303 0.622538 
0.23 0.613088 0.606982 0.606557 0.606804 
0.24 0.597575 0.591342 0.590991 0.59125 
0.25 0.582222 0.576071 0.575609 0.57588 
0.26 0.567035 0.560801 0.560417 0.5607 
0.27 0.552018 0.54592 0.54542 0.545716 
0.28 0.537178 0.53104 0.530622 0.530931 
0.29 0.522517 0.516568 0.516029 0.516351 
0.3 0.508042 0.502096 0.501644 0.501979 
0.31 0.493756 0.488049 0.487472 0.48782 
0.32 0.479663 0.474003 0.473516 0.473877 
0.33 0.465769 0.460396 0.459779 0.460154 
0.34 0.452076 0.446788 0.446264 0.446653 
0.35 0.438588 0.433633 0.432975 0.433378 
0.36 0.425308 0.420477 0.419914 0.420332 
0.37 0.412241 0.407782 0.407084 0.407516 
0.38 0.399389 0.395087 0.394485 0.394932 
0.39 0.386754 0.382861 0.38212 0.382583 
0.4 0.374339 0.370635 0.369991 0.370469 
0.41 0.362148 0.358882 0.358098 0.358593 
0.42 0.350181 0.347129 0.346442 0.346953 
0.43 0.338441 0.335854 0.335025 0.335552 
0.44 0.326929 0.324578 0.323846 0.32439 
0.45 0.315648 0.313779 0.312905 0.313466 
0.46 0.304597 0.302981 0.302202 0.302781 
0.47 0.293779 0.292659 0.291737 0.292334 
0.48 0.283194 0.282336 0.281509 0.282125 
0.49 0.272843 0.272487 0.271517 0.272151 
0.5 0.262726 0.262638 0.26176 0.262413 
0.51 0.252843 0.253257 0.252236 0.252909 
0.52 0.243194 0.243876 0.242944 0.243637 
0.53 0.233779 0.234956 0.233883 0.234596 
0.54 0.224597 0.226036 0.225049 0.225783 
0.55 0.215647 0.217568 0.216441 0.217195 
0.56 0.206929 0.2091 0.208056 0.208832 
0.57 0.19844 0.201074 0.199891 0.200689 
0.58 0.190181 0.193048 0.191945 0.192764 
0.59 0.182147 0.185452 0.184212 0.185054 
0.6 0.174339 0.177855 0.176691 0.177555 
0.61 0.166754 0.170676 0.169378 0.170265 
0.62 0.159388 0.163497 0.16227 0.163179 
0.63 0.152241 0.15672 0.155362 0.156295 
0.64 0.145308 0.149942 0.148651 0.149608 
0.65 0.138587 0.143552 0.142132 0.143113 
0.66 0.132075 0.137161 0.135803 0.136808 
0.67 0.125768 0.13114 0.129658 0.130687 
0.68 0.119663 0.125118 0.123693 0.124747 
0.69 0.113755 0.119449 0.117904 0.118982 
0.7 0.108041 0.11378 0.112286 0.113389 
0.71 0.102517 0.108443 0.106834 0.107962 
0.72 0.0971771 0.103107 0.101544 0.102697 
0.73 0.092018 0.098084 0.0964103 0.0975884 
0.74 0.0870345 0.0930612 0.0914286 0.0926317 
0.75 0.0822218 0.0883319 0.0865937 0.0878217 
0.76 0.0775746 0.0836026 0.0819004 0.0831534 
0.77 0.0730877 0.079146 0.0773435 0.0786213 
0.78 0.0687556 0.0746894 0.072918 0.0742204 
0.79 0.0645728 0.0704843 0.0686183 0.0699453 
0.8 0.0605336 0.0662792 0.0644393 0.0657906 
0.81 0.0566319 0.0623038 0.0603756 0.0617508 
0.82 0.0528619 0.0583285 0.0564216 0.0578205 
0.83 0.0492174 0.0545608 0.0525719 0.0539942 
0.84 0.045692 0.0507931 0.0488211 0.0502663 
0.85 0.0422795 0.0472108 0.0451635 0.0466311 
0.86 0.0389732 0.0436284 0.0415936 0.0430831 
0.87 0.0357667 0.0402087 0.0381058 0.0396167 
0.88 0.0326532 0.0367889 0.0346944 0.036226 
0.89 0.0296258 0.033509 0.0313538 0.0329055 
0.9 0.0266778 0.030229 0.0280783 0.0296494 
0.91 0.0238022 0.0270657 0.0248623 0.0264518 
0.92 0.0209919 0.0239024 0.0216999 0.0233072 
0.93 0.0182398 0.0208327 0.0185856 0.0202096 
0.94 0.0155387 0.0177629 0.0155135 0.0171534 
0.95 0.0128816 0.0147634 0.012478 0.0141326 
0.96 0.0102611 0.0117638 0.0094732 0.0111415 
0.97 0.00766996 0.00881116 0.00649342 0.00817431 
0.98 0.00510084 0.00585848 0.00353288 0.00522511 
0.99 0.00254643 0.00292924 0.000585819 0.00228811 
1 -6.29627e-07 0 0 0 
