0 1 1 1 1 
0.01 0.987222 0.987215 0.987193 0.987208 
0.02 0.974447 0.974431 0.97439 0.974419 
0.03 0.961678 0.961657 0.961591 0.961636 
0.04 0.948916 0.948883 0.948802 0.94886 
0.05 0.936166 0.936132 0.936023 0.936096 
0.06 0.923429 0.92338 0.923258 0.923346 
0.07 0.910709 0.910662 0.910509 0.910612 
0.08 0.898007 0.897943 0.89778 0.897897 
0.09 0.885328 0.885269 0.885073 0.885205 
0.1 0.872672 0.872594 0.87239 0.872537 
0.11 0.860044 0.859974 0.859735 0.859896 
0.12 0.847445 0.847354 0.847109 0.847285 
0.13 0.834879 0.834798 0.834516 0.834707 
0.14 0.822347 0.822243 0.821959 0.822163 
0.15 0.809852 0.809763 0.809438 0.809658 
0.16 0.797397 0.797283 0.796958 0.797192 
0.17 0.784983 0.784887 0.78452 0.784768 
0.18 0.772615 0.772492 0.772128 0.77239 
0.19 0.760293 0.760191 0.759782 0.760059 
0.2 0.74802 0.74789 0.747486 0.747777 
0.21 0.735798 0.735693 0.735242 0.735547 
0.22 0.72363 0.723495 0.723052 0.723371 
0.23 0.711518 0.71141 0.710918 0.711251 
0.24 0.699463 0.699325 0.698842 0.69919 
0.25 0.687468 0.68736 0.686827 0.687189 
0.26 0.675534 0.675395 0.674874 0.67525 
0.27 0.663665 0.663559 0.662985 0.663375 
0.28 0.651861 0.651722 0.651163 0.651566 
0.29 0.640124 0.640021 0.639408 0.639824 
0.3 0.628455 0.628319 0.627723 0.628153 
0.31 0.616858 0.61676 0.616109 0.616552 
0.32 0.605333 0.605201 0.604567 0.605024 
0.33 0.593881 0.59379 0.5931 0.593571 
0.34 0.582505 0.582379 0.581709 0.582192 
0.35 0.571205 0.571122 0.570395 0.570891 
0.36 0.559983 0.559865 0.559159 0.559668 
0.37 0.548839 0.548767 0.548003 0.548525 
0.38 0.537776 0.537668 0.536927 0.537462 
0.39 0.526794 0.526733 0.525933 0.52648 
0.4 0.515894 0.515797 0.515022 0.515581 
0.41 0.505077 0.505028 0.504194 0.504766 
0.42 0.494344 0.494259 0.493451 0.494034 
0.43 0.483696 0.48366 0.482792 0.483388 
0.44 0.473132 0.47306 0.472219 0.472827 
0.45 0.462655 0.462633 0.461733 0.462351 
0.46 0.452263 0.452205 0.451333 0.451963 
0.47 0.441959 0.441951 0.44102 0.441661 
0.48 0.431741 0.431697 0.430794 0.431446 
0.49 0.42161 0.421617 0.420656 0.421319 
0.5 0.411566 0.411537 0.410606 0.411279 
0.51 0.40161 0.401632 0.400643 0.401326 
0.52 0.391741 0.391726 0.390768 0.391461 
0.53 0.381959 0.381995 0.38098 0.381682 
0.54 0.372263 0.372264 0.371279 0.371991 
0.55 0.362655 0.362706 0.361666 0.362387 
0.56 0.353132 0.353147 0.352138 0.352868 
0.57 0.343696 0.34376 0.342697 0.343435 
0.58 0.334344 0.334373 0.333341 0.334088 
0.59 0.325077 0.325155 0.32407 0.324825 
0.6 0.315894 0.315936 0.314883 0.315645 
0.61 0.306794 0.306883 0.305779 0.306549 
0.62 0.297776 0.29783 0.296758 0.297534 
0.63 0.288839 0.288939 0.287818 0.2886 
0.64 0.279983 0.280047 0.278958 0.279747 
0.65 0.271205 0.271313 0.270177 0.270972 
0.66 0.262505 0.262579 0.261475 0.262275 
0.67 0.253881 0.253997 0.252849 0.253654 
0.68 0.245333 0.245415 0.244298 0.245107 
0.69 0.236858 0.23698 0.235821 0.236635 
0.7 0.228455 0.228544 0.227417 0.228234 
0.71 0.220123 0.220249 0.219083 0.219904 
0.72 0.21186 0.211954 0.210819 0.211642 
0.73 0.203665 0.203793 0.202622 0.203447 
0.74 0.195534 0.195631 0.19449 0.195318 
0.75 0.187468 0.187596 0.186423 0.187252 
0.76 0.179463 0.179561 0.178417 0.179247 
0.77 0.171517 0.171644 0.170472 0.171302 
0.78 0.16363 0.163728 0.162584 0.163414 
0.79 0.155798 0.155921 0.154753 0.155582 
0.8 0.14802 0.148115 0.146975 0.147803 
0.81 0.140293 0.140411 0.139249 0.140075 
0.82 0.132615 0.132706 0.131572 0.132395 
0.83 0.124983 0.125094 0.123942 0.124763 
0.84 0.117396 0.117482 0.116357 0.117174 
0.85 0.109852 0.109954 0.108815 0.109628 
0.86 0.102346 0.102425 0.101313 0.102121 
0.87 0.0948785 0.0949704 0.0938481 0.0946512 
0.88 0.0874451 0.0875155 0.0864186 0.0872158 
0.89 0.0800439 0.0801242 0.0790218 0.0798125 
0.9 0.0726722 0.0727329 0.0716551 0.0724387 
0.91 0.0653275 0.065395 0.0643159 0.0650918 
0.92 0.0580072 0.0580571 0.0570017 0.0577693 
0.93 0.0507085 0.0507621 0.0497099 0.0504685 
0.94 0.0434289 0.0434672 0.0424378 0.0431868 
0.95 0.0361657 0.0362046 0.0351828 0.0359216 
0.96 0.0289161 0.028942 0.0279422 0.02867 
0.97 0.0216774 0.0217011 0.0207133 0.0214296 
0.98 0.014447 0.0144602 0.0134934 0.0141975 
0.99 0.00722199 0.00723009 0.0062799 0.0069711 
1 -2.34667e-07 0 0 0 
