0 1 1 1 1 
0.01 0.989856 0.989856 0.989852 0.989855 
0.02 0.979713 0.979713 0.979704 0.97971 
0.03 0.969569 0.969569 0.969557 0.969566 
0.04 0.959426 0.959426 0.95941 0.959422 
0.05 0.949284 0.949284 0.949263 0.949278 
0.06 0.939142 0.939142 0.939118 0.939135 
0.07 0.929001 0.929002 0.928973 0.928993 
0.08 0.918861 0.918862 0.918829 0.918852 
0.09 0.908723 0.908723 0.908686 0.908712 
0.1 0.898585 0.898585 0.898545 0.898574 
0.11 0.888449 0.88845 0.888405 0.888437 
0.12 0.878315 0.878315 0.878266 0.878301 
0.13 0.868182 0.868183 0.86813 0.868167 
0.14 0.858051 0.858051 0.857995 0.858035 
0.15 0.847921 0.847923 0.847862 0.847905 
0.16 0.837794 0.837795 0.837731 0.837777 
0.17 0.827669 0.827671 0.827602 0.827651 
0.18 0.817547 0.817547 0.817476 0.817527 
0.19 0.807426 0.807428 0.807352 0.807406 
0.2 0.797309 0.797309 0.797231 0.797287 
0.21 0.787194 0.787196 0.787112 0.787171 
0.22 0.777082 0.777082 0.776997 0.777058 
0.23 0.766972 0.766974 0.766884 0.766948 
0.24 0.756866 0.756866 0.756774 0.75684 
0.25 0.746762 0.746765 0.746668 0.746736 
0.26 0.736662 0.736663 0.736565 0.736635 
0.27 0.726566 0.726568 0.726465 0.726537 
0.28 0.716472 0.716473 0.716369 0.716443 
0.29 0.706382 0.706385 0.706276 0.706352 
0.3 0.696296 0.696296 0.696186 0.696265 
0.31 0.686213 0.686216 0.686101 0.686182 
0.32 0.676134 0.676135 0.676019 0.676102 
0.33 0.666059 0.666062 0.665942 0.666026 
0.34 0.655988 0.655988 0.655868 0.655954 
0.35 0.64592 0.645923 0.645798 0.645886 
0.36 0.635857 0.635858 0.635733 0.635822 
0.37 0.625798 0.625801 0.625671 0.625763 
0.38 0.615743 0.615744 0.615614 0.615707 
0.39 0.605692 0.605695 0.605561 0.605656 
0.4 0.595646 0.595646 0.595513 0.595608 
0.41 0.585603 0.585606 0.585469 0.585566 
0.42 0.575565 0.575566 0.575429 0.575527 
0.43 0.565532 0.565535 0.565394 0.565493 
0.44 0.555503 0.555503 0.555363 0.555464 
0.45 0.545478 0.545481 0.545337 0.545439 
0.46 0.535458 0.535458 0.535316 0.535418 
0.47 0.525442 0.525445 0.525299 0.525402 
0.48 0.51543 0.515431 0.515286 0.51539 
0.49 0.505424 0.505427 0.505279 0.505383 
0.5 0.495421 0.495422 0.495276 0.495381 
0.51 0.485424 0.485427 0.485277 0.485383 
0.52 0.47543 0.475431 0.475283 0.475389 
0.53 0.465442 0.465445 0.465294 0.465401 
0.54 0.455458 0.455458 0.455309 0.455416 
0.55 0.445478 0.445481 0.445329 0.445436 
0.56 0.435503 0.435503 0.435354 0.435461 
0.57 0.425532 0.425535 0.425383 0.42549 
0.58 0.415565 0.415566 0.415417 0.415524 
0.59 0.405603 0.405606 0.405455 0.405562 
0.6 0.395646 0.395646 0.395498 0.395604 
0.61 0.385692 0.385695 0.385545 0.385651 
0.62 0.375743 0.375744 0.375596 0.375702 
0.63 0.365798 0.365801 0.365652 0.365757 
0.64 0.355857 0.355858 0.355712 0.355817 
0.65 0.34592 0.345923 0.345776 0.34588 
0.66 0.335988 0.335988 0.335844 0.335948 
0.67 0.326059 0.326062 0.325917 0.32602 
0.68 0.316134 0.316135 0.315993 0.316095 
0.69 0.306213 0.306216 0.306073 0.306174 
0.7 0.296296 0.296296 0.296158 0.296258 
0.71 0.286382 0.286385 0.286246 0.286344 
0.72 0.276472 0.276473 0.276337 0.276435 
0.73 0.266566 0.266568 0.266432 0.266529 
0.74 0.256662 0.256663 0.256531 0.256626 
0.75 0.246762 0.246765 0.246633 0.246727 
0.76 0.236866 0.236866 0.236739 0.236831 
0.77 0.226972 0.226974 0.226847 0.226938 
0.78 0.217082 0.217082 0.216959 0.217048 
0.79 0.207194 0.207196 0.207074 0.207161 
0.8 0.197309 0.197309 0.197191 0.197276 
0.81 0.187426 0.187428 0.187311 0.187395 
0.82 0.177547 0.177547 0.177434 0.177516 
0.83 0.167669 0.167671 0.16756 0.167639 
0.84 0.157794 0.157795 0.157688 0.157765 
0.85 0.147921 0.147923 0.147818 0.147893 
0.86 0.138051 0.138051 0.13795 0.138023 
0.87 0.128182 0.128183 0.128084 0.128155 
0.88 0.118315 0.118315 0.118221 0.118289 
0.89 0.108449 0.10845 0.108358 0.108424 
0.9 0.0985851 0.0985854 0.0984979 0.0985613 
0.91 0.0887226 0.0887235 0.0886389 0.0886998 
0.92 0.0788614 0.0788616 0.0787812 0.0788395 
0.93 0.0690012 0.0690019 0.0689247 0.0689804 
0.94 0.0591421 0.0591422 0.0590692 0.0591223 
0.95 0.0492837 0.0492842 0.0492147 0.049265 
0.96 0.0394261 0.0394263 0.0393609 0.0394085 
0.97 0.0295691 0.0295694 0.0295078 0.0295526 
0.98 0.0197125 0.0197126 0.0196551 0.0196971 
0.99 0.00985617 0.00985628 0.00980283 0.00984187 
1 -1.21496e-08 0 0 0 
