0 inf
0.001001 0.0040505
0.002002 -0.294959
0.003003 -0.469032
0.004004 -0.591956
0.00500501 -0.686854
0.00600601 -0.764027
0.00700701 -0.828968
0.00800801 -0.884957
0.00900901 -0.93411
0.01001 -0.97787
0.011011 -1.01727
0.012012 -1.05307
0.013013 -1.08584
0.014014 -1.11604
0.015015 -1.14402
0.016016 -1.17007
0.017017 -1.19443
0.018018 -1.21728
0.019019 -1.23879
0.02002 -1.2591
0.021021 -1.27832
0.022022 -1.29656
0.023023 -1.31391
0.024024 -1.33044
0.025025 -1.34622
0.026026 -1.3613
0.027027 -1.37574
0.028028 -1.3896
0.029029 -1.4029
0.03003 -1.41568
0.031031 -1.42799
0.032032 -1.43984
0.033033 -1.45128
0.034034 -1.46232
0.035035 -1.47299
0.036036 -1.4833
0.037037 -1.49328
0.038038 -1.50295
0.039039 -1.51232
0.04004 -1.52141
0.041041 -1.53023
0.042042 -1.53879
0.043043 -1.54711
0.044044 -1.5552
0.045045 -1.56307
0.046046 -1.57072
0.047047 -1.57818
0.048048 -1.58544
0.049049 -1.59251
0.0500501 -1.59941
0.0510511 -1.60613
0.0520521 -1.61269
0.0530531 -1.6191
0.0540541 -1.62535
0.0550551 -1.63145
0.0560561 -1.63742
0.0570571 -1.64325
0.0580581 -1.64894
0.0590591 -1.65452
0.0600601 -1.65997
0.0610611 -1.6653
0.0620621 -1.67052
0.0630631 -1.67563
0.0640641 -1.68063
0.0650651 -1.68553
0.0660661 -1.69033
0.0670671 -1.69503
0.0680681 -1.69964
0.0690691 -1.70415
0.0700701 -1.70858
0.0710711 -1.71293
0.0720721 -1.71719
0.0730731 -1.72137
0.0740741 -1.72547
0.0750751 -1.72949
0.0760761 -1.73344
0.0770771 -1.73732
0.0780781 -1.74112
0.0790791 -1.74486
0.0800801 -1.74853
0.0810811 -1.75214
0.0820821 -1.75568
0.0830831 -1.75917
0.0840841 -1.76259
0.0850851 -1.76595
0.0860861 -1.76925
0.0870871 -1.7725
0.0880881 -1.7757
0.0890891 -1.77884
0.0900901 -1.78193
0.0910911 -1.78497
0.0920921 -1.78796
0.0930931 -1.7909
0.0940941 -1.79379
0.0950951 -1.79664
0.0960961 -1.79944
0.0970971 -1.8022
0.0980981 -1.80491
0.0990991 -1.80759
0.1001 -1.81022
0.101101 -1.81281
0.102102 -1.81536
0.103103 -1.81787
0.104104 -1.82034
0.105105 -1.82278
0.106106 -1.82517
0.107107 -1.82754
0.108108 -1.82986
0.109109 -1.83216
0.11011 -1.83442
0.111111 -1.83664
0.112112 -1.83884
0.113113 -1.841
0.114114 -1.84313
0.115115 -1.84523
0.116116 -1.8473
0.117117 -1.84934
0.118118 -1.85135
0.119119 -1.85334
0.12012 -1.85529
0.121121 -1.85722
0.122122 -1.85912
0.123123 -1.86099
0.124124 -1.86284
0.125125 -1.86467
0.126126 -1.86646
0.127127 -1.86824
0.128128 -1.86999
0.129129 -1.87171
0.13013 -1.87341
0.131131 -1.87509
0.132132 -1.87675
0.133133 -1.87838
0.134134 -1.87999
0.135135 -1.88158
0.136136 -1.88315
0.137137 -1.8847
0.138138 -1.88623
0.139139 -1.88774
0.14014 -1.88923
0.141141 -1.8907
0.142142 -1.89214
0.143143 -1.89358
0.144144 -1.89499
0.145145 -1.89638
0.146146 -1.89776
0.147147 -1.89911
0.148148 -1.90046
0.149149 -1.90178
0.15015 -1.90309
0.151151 -1.90437
0.152152 -1.90565
0.153153 -1.90691
0.154154 -1.90815
0.155155 -1.90937
0.156156 -1.91058
0.157157 -1.91178
0.158158 -1.91296
0.159159 -1.91412
0.16016 -1.91527
0.161161 -1.91641
0.162162 -1.91753
0.163163 -1.91864
0.164164 -1.91973
0.165165 -1.92081
0.166166 -1.92188
0.167167 -1.92293
0.168168 -1.92397
0.169169 -1.925
0.17017 -1.92601
0.171171 -1.92702
0.172172 -1.92801
0.173173 -1.92899
0.174174 -1.92995
0.175175 -1.93091
0.176176 -1.93185
0.177177 -1.93278
0.178178 -1.9337
0.179179 -1.93461
0.18018 -1.93551
0.181181 -1.93639
0.182182 -1.93727
0.183183 -1.93813
0.184184 -1.93899
0.185185 -1.93983
0.186186 -1.94067
0.187187 -1.94149
0.188188 -1.94231
0.189189 -1.94311
0.19019 -1.94391
0.191191 -1.94469
0.192192 -1.94547
0.193193 -1.94623
0.194194 -1.94699
0.195195 -1.94774
0.196196 -1.94848
0.197197 -1.94921
0.198198 -1.94993
0.199199 -1.95064
0.2002 -1.95134
0.201201 -1.95204
0.202202 -1.95273
0.203203 -1.95341
0.204204 -1.95408
0.205205 -1.95474
0.206206 -1.95539
0.207207 -1.95604
0.208208 -1.95668
0.209209 -1.95731
0.21021 -1.95794
0.211211 -1.95855
0.212212 -1.95916
0.213213 -1.95976
0.214214 -1.96036
0.215215 -1.96094
0.216216 -1.96152
0.217217 -1.9621
0.218218 -1.96266
0.219219 -1.96322
0.22022 -1.96378
0.221221 -1.96432
0.222222 -1.96486
0.223223 -1.96539
0.224224 -1.96592
0.225225 -1.96644
0.226226 -1.96695
0.227227 -1.96746
0.228228 -1.96796
0.229229 -1.96846
0.23023 -1.96895
0.231231 -1.96943
0.232232 -1.96991
0.233233 -1.97038
0.234234 -1.97084
0.235235 -1.97131
0.236236 -1.97176
0.237237 -1.97221
0.238238 -1.97265
0.239239 -1.97309
0.24024 -1.97352
0.241241 -1.97395
0.242242 -1.97437
0.243243 -1.97479
0.244244 -1.9752
0.245245 -1.97561
0.246246 -1.97601
0.247247 -1.9764
0.248248 -1.97679
0.249249 -1.97718
0.25025 -1.97756
0.251251 -1.97794
0.252252 -1.97831
0.253253 -1.97868
0.254254 -1.97904
0.255255 -1.9794
0.256256 -1.97975
0.257257 -1.9801
0.258258 -1.98045
0.259259 -1.98079
0.26026 -1.98112
0.261261 -1.98145
0.262262 -1.98178
0.263263 -1.9821
0.264264 -1.98242
0.265265 -1.98274
0.266266 -1.98305
0.267267 -1.98335
0.268268 -1.98365
0.269269 -1.98395
0.27027 -1.98425
0.271271 -1.98454
0.272272 -1.98482
0.273273 -1.98511
0.274274 -1.98539
0.275275 -1.98566
0.276276 -1.98593
0.277277 -1.9862
0.278278 -1.98646
0.279279 -1.98672
0.28028 -1.98698
0.281281 -1.98723
0.282282 -1.98748
0.283283 -1.98773
0.284284 -1.98797
0.285285 -1.98821
0.286286 -1.98845
0.287287 -1.98868
0.288288 -1.98891
0.289289 -1.98914
0.29029 -1.98936
0.291291 -1.98958
0.292292 -1.98979
0.293293 -1.99001
0.294294 -1.99022
0.295295 -1.99043
0.296296 -1.99063
0.297297 -1.99083
0.298298 -1.99103
0.299299 -1.99122
0.3003 -1.99141
0.301301 -1.9916
0.302302 -1.99179
0.303303 -1.99197
0.304304 -1.99215
0.305305 -1.99233
0.306306 -1.9925
0.307307 -1.99268
0.308308 -1.99284
0.309309 -1.99301
0.31031 -1.99317
0.311311 -1.99333
0.312312 -1.99349
0.313313 -1.99365
0.314314 -1.9938
0.315315 -1.99395
0.316316 -1.9941
0.317317 -1.99424
0.318318 -1.99439
0.319319 -1.99453
0.32032 -1.99466
0.321321 -1.9948
0.322322 -1.99493
0.323323 -1.99506
0.324324 -1.99519
0.325325 -1.99531
0.326326 -1.99544
0.327327 -1.99556
0.328328 -1.99568
0.329329 -1.99579
0.33033 -1.99591
0.331331 -1.99602
0.332332 -1.99613
0.333333 -1.99623
0.334334 -1.99634
0.335335 -1.99644
0.336336 -1.99654
0.337337 -1.99664
0.338338 -1.99673
0.339339 -1.99683
0.34034 -1.99692
0.341341 -1.99701
0.342342 -1.9971
0.343343 -1.99718
0.344344 -1.99727
0.345345 -1.99735
0.346346 -1.99743
0.347347 -1.9975
0.348348 -1.99758
0.349349 -1.99765
0.35035 -1.99773
0.351351 -1.99779
0.352352 -1.99786
0.353353 -1.99793
0.354354 -1.99799
0.355355 -1.99805
0.356356 -1.99811
0.357357 -1.99817
0.358358 -1.99823
0.359359 -1.99828
0.36036 -1.99834
0.361361 -1.99839
0.362362 -1.99843
0.363363 -1.99848
0.364364 -1.99853
0.365365 -1.99857
0.366366 -1.99861
0.367367 -1.99865
0.368368 -1.99869
0.369369 -1.99873
0.37037 -1.99876
0.371371 -1.9988
0.372372 -1.99883
0.373373 -1.99886
0.374374 -1.99889
0.375375 -1.99891
0.376376 -1.99894
0.377377 -1.99896
0.378378 -1.99899
0.379379 -1.99901
0.38038 -1.99902
0.381381 -1.99904
0.382382 -1.99906
0.383383 -1.99907
0.384384 -1.99908
0.385385 -1.9991
0.386386 -1.9991
0.387387 -1.99911
0.388388 -1.99912
0.389389 -1.99912
0.39039 -1.99913
0.391391 -1.99913
0.392392 -1.99913
0.393393 -1.99913
0.394394 -1.99913
0.395395 -1.99912
0.396396 -1.99912
0.397397 -1.99911
0.398398 -1.9991
0.399399 -1.99909
0.4004 -1.99908
0.401401 -1.99907
0.402402 -1.99906
0.403403 -1.99904
0.404404 -1.99902
0.405405 -1.99901
0.406406 -1.99899
0.407407 -1.99897
0.408408 -1.99894
0.409409 -1.99892
0.41041 -1.9989
0.411411 -1.99887
0.412412 -1.99884
0.413413 -1.99881
0.414414 -1.99878
0.415415 -1.99875
0.416416 -1.99872
0.417417 -1.99869
0.418418 -1.99865
0.419419 -1.99862
0.42042 -1.99858
0.421421 -1.99854
0.422422 -1.9985
0.423423 -1.99846
0.424424 -1.99841
0.425425 -1.99837
0.426426 -1.99833
0.427427 -1.99828
0.428428 -1.99823
0.429429 -1.99818
0.43043 -1.99813
0.431431 -1.99808
0.432432 -1.99803
0.433433 -1.99798
0.434434 -1.99792
0.435435 -1.99786
0.436436 -1.99781
0.437437 -1.99775
0.438438 -1.99769
0.439439 -1.99763
0.44044 -1.99757
0.441441 -1.9975
0.442442 -1.99744
0.443443 -1.99737
0.444444 -1.99731
0.445445 -1.99724
0.446446 -1.99717
0.447447 -1.9971
0.448448 -1.99703
0.449449 -1.99696
0.45045 -1.99688
0.451451 -1.99681
0.452452 -1.99673
0.453453 -1.99666
0.454454 -1.99658
0.455455 -1.9965
0.456456 -1.99642
0.457457 -1.99634
0.458458 -1.99626
0.459459 -1.99617
0.46046 -1.99609
0.461461 -1.996
0.462462 -1.99592
0.463463 -1.99583
0.464464 -1.99574
0.465465 -1.99565
0.466466 -1.99556
0.467467 -1.99547
0.468468 -1.99537
0.469469 -1.99528
0.47047 -1.99518
0.471471 -1.99509
0.472472 -1.99499
0.473473 -1.99489
0.474474 -1.99479
0.475475 -1.99469
0.476476 -1.99459
0.477477 -1.99449
0.478478 -1.99438
0.479479 -1.99428
0.48048 -1.99417
0.481481 -1.99407
0.482482 -1.99396
0.483483 -1.99385
0.484484 -1.99374
0.485485 -1.99363
0.486486 -1.99351
0.487487 -1.9934
0.488488 -1.99329
0.489489 -1.99317
0.49049 -1.99305
0.491491 -1.99294
0.492492 -1.99282
0.493493 -1.9927
0.494494 -1.99258
0.495495 -1.99246
0.496496 -1.99233
0.497497 -1.99221
0.498498 -1.99209
0.499499 -1.99196
0.500501 -1.99183
0.501502 -1.99171
0.502503 -1.99158
0.503504 -1.99145
0.504505 -1.99132
0.505506 -1.99118
0.506507 -1.99105
0.507508 -1.99092
0.508509 -1.99078
0.50951 -1.99064
0.510511 -1.99051
0.511512 -1.99037
0.512513 -1.99023
0.513514 -1.99009
0.514515 -1.98995
0.515516 -1.98981
0.516517 -1.98966
0.517518 -1.98952
0.518519 -1.98937
0.51952 -1.98923
0.520521 -1.98908
0.521522 -1.98893
0.522523 -1.98878
0.523524 -1.98863
0.524525 -1.98848
0.525526 -1.98832
0.526527 -1.98817
0.527528 -1.98802
0.528529 -1.98786
0.52953 -1.9877
0.530531 -1.98754
0.531532 -1.98738
0.532533 -1.98722
0.533534 -1.98706
0.534535 -1.9869
0.535536 -1.98674
0.536537 -1.98657
0.537538 -1.98641
0.538539 -1.98624
0.53954 -1.98607
0.540541 -1.9859
0.541542 -1.98573
0.542543 -1.98556
0.543544 -1.98539
0.544545 -1.98522
0.545546 -1.98504
0.546547 -1.98487
0.547548 -1.98469
0.548549 -1.98451
0.54955 -1.98434
0.550551 -1.98416
0.551552 -1.98398
0.552553 -1.98379
0.553554 -1.98361
0.554555 -1.98343
0.555556 -1.98324
0.556557 -1.98306
0.557558 -1.98287
0.558559 -1.98268
0.55956 -1.98249
0.560561 -1.9823
0.561562 -1.98211
0.562563 -1.98191
0.563564 -1.98172
0.564565 -1.98152
0.565566 -1.98133
0.566567 -1.98113
0.567568 -1.98093
0.568569 -1.98073
0.56957 -1.98053
0.570571 -1.98033
0.571572 -1.98013
0.572573 -1.97992
0.573574 -1.97971
0.574575 -1.97951
0.575576 -1.9793
0.576577 -1.97909
0.577578 -1.97888
0.578579 -1.97867
0.57958 -1.97846
0.580581 -1.97824
0.581582 -1.97803
0.582583 -1.97781
0.583584 -1.97759
0.584585 -1.97737
0.585586 -1.97715
0.586587 -1.97693
0.587588 -1.97671
0.588589 -1.97648
0.58959 -1.97626
0.590591 -1.97603
0.591592 -1.97581
0.592593 -1.97558
0.593594 -1.97535
0.594595 -1.97511
0.595596 -1.97488
0.596597 -1.97465
0.597598 -1.97441
0.598599 -1.97418
0.5996 -1.97394
0.600601 -1.9737
0.601602 -1.97346
0.602603 -1.97322
0.603604 -1.97297
0.604605 -1.97273
0.605606 -1.97248
0.606607 -1.97224
0.607608 -1.97199
0.608609 -1.97174
0.60961 -1.97149
0.610611 -1.97123
0.611612 -1.97098
0.612613 -1.97072
0.613614 -1.97047
0.614615 -1.97021
0.615616 -1.96995
0.616617 -1.96969
0.617618 -1.96942
0.618619 -1.96916
0.61962 -1.96889
0.620621 -1.96863
0.621622 -1.96836
0.622623 -1.96809
0.623624 -1.96782
0.624625 -1.96755
0.625626 -1.96727
0.626627 -1.967
0.627628 -1.96672
0.628629 -1.96644
0.62963 -1.96616
0.630631 -1.96588
0.631632 -1.96559
0.632633 -1.96531
0.633634 -1.96502
0.634635 -1.96473
0.635636 -1.96444
0.636637 -1.96415
0.637638 -1.96386
0.638639 -1.96357
0.63964 -1.96327
0.640641 -1.96297
0.641642 -1.96267
0.642643 -1.96237
0.643644 -1.96207
0.644645 -1.96176
0.645646 -1.96146
0.646647 -1.96115
0.647648 -1.96084
0.648649 -1.96053
0.64965 -1.96022
0.650651 -1.9599
0.651652 -1.95959
0.652653 -1.95927
0.653654 -1.95895
0.654655 -1.95863
0.655656 -1.9583
0.656657 -1.95798
0.657658 -1.95765
0.658659 -1.95732
0.65966 -1.95699
0.660661 -1.95666
0.661662 -1.95633
0.662663 -1.95599
0.663664 -1.95565
0.664665 -1.95531
0.665666 -1.95497
0.666667 -1.95462
0.667668 -1.95428
0.668669 -1.95393
0.66967 -1.95358
0.670671 -1.95323
0.671672 -1.95288
0.672673 -1.95252
0.673674 -1.95216
0.674675 -1.9518
0.675676 -1.95144
0.676677 -1.95108
0.677678 -1.95071
0.678679 -1.95034
0.67968 -1.94997
0.680681 -1.9496
0.681682 -1.94922
0.682683 -1.94885
0.683684 -1.94847
0.684685 -1.94809
0.685686 -1.9477
0.686687 -1.94732
0.687688 -1.94693
0.688689 -1.94654
0.68969 -1.94615
0.690691 -1.94575
0.691692 -1.94535
0.692693 -1.94496
0.693694 -1.94455
0.694695 -1.94415
0.695696 -1.94374
0.696697 -1.94333
0.697698 -1.94292
0.698699 -1.94251
0.6997 -1.94209
0.700701 -1.94167
0.701702 -1.94125
0.702703 -1.94083
0.703704 -1.9404
0.704705 -1.93997
0.705706 -1.93954
0.706707 -1.93911
0.707708 -1.93867
0.708709 -1.93823
0.70971 -1.93779
0.710711 -1.93734
0.711712 -1.93689
0.712713 -1.93644
0.713714 -1.93599
0.714715 -1.93553
0.715716 -1.93507
0.716717 -1.93461
0.717718 -1.93415
0.718719 -1.93368
0.71972 -1.93321
0.720721 -1.93274
0.721722 -1.93226
0.722723 -1.93178
0.723724 -1.9313
0.724725 -1.93081
0.725726 -1.93032
0.726727 -1.92983
0.727728 -1.92934
0.728729 -1.92884
0.72973 -1.92834
0.730731 -1.92783
0.731732 -1.92732
0.732733 -1.92681
0.733734 -1.9263
0.734735 -1.92578
0.735736 -1.92526
0.736737 -1.92474
0.737738 -1.92421
0.738739 -1.92368
0.73974 -1.92314
0.740741 -1.9226
0.741742 -1.92206
0.742743 -1.92151
0.743744 -1.92096
0.744745 -1.92041
0.745746 -1.91985
0.746747 -1.91929
0.747748 -1.91873
0.748749 -1.91816
0.74975 -1.91759
0.750751 -1.91701
0.751752 -1.91643
0.752753 -1.91585
0.753754 -1.91526
0.754755 -1.91467
0.755756 -1.91407
0.756757 -1.91347
0.757758 -1.91287
0.758759 -1.91226
0.75976 -1.91164
0.760761 -1.91103
0.761762 -1.9104
0.762763 -1.90978
0.763764 -1.90915
0.764765 -1.90851
0.765766 -1.90787
0.766767 -1.90723
0.767768 -1.90658
0.768769 -1.90592
0.76977 -1.90527
0.770771 -1.9046
0.771772 -1.90393
0.772773 -1.90326
0.773774 -1.90258
0.774775 -1.9019
0.775776 -1.90121
0.776777 -1.90052
0.777778 -1.89982
0.778779 -1.89911
0.77978 -1.89841
0.780781 -1.89769
0.781782 -1.89697
0.782783 -1.89625
0.783784 -1.89551
0.784785 -1.89478
0.785786 -1.89404
0.786787 -1.89329
0.787788 -1.89253
0.788789 -1.89177
0.78979 -1.89101
0.790791 -1.89024
0.791792 -1.88946
0.792793 -1.88867
0.793794 -1.88788
0.794795 -1.88709
0.795796 -1.88628
0.796797 -1.88548
0.797798 -1.88466
0.798799 -1.88384
0.7998 -1.88301
0.800801 -1.88217
0.801802 -1.88133
0.802803 -1.88048
0.803804 -1.87962
0.804805 -1.87876
0.805806 -1.87789
0.806807 -1.87701
0.807808 -1.87612
0.808809 -1.87523
0.80981 -1.87433
0.810811 -1.87342
0.811812 -1.8725
0.812813 -1.87158
0.813814 -1.87064
0.814815 -1.8697
0.815816 -1.86875
0.816817 -1.8678
0.817818 -1.86683
0.818819 -1.86586
0.81982 -1.86487
0.820821 -1.86388
0.821822 -1.86288
0.822823 -1.86187
0.823824 -1.86085
0.824825 -1.85983
0.825826 -1.85879
0.826827 -1.85774
0.827828 -1.85669
0.828829 -1.85562
0.82983 -1.85454
0.830831 -1.85346
0.831832 -1.85236
0.832833 -1.85125
0.833834 -1.85014
0.834835 -1.84901
0.835836 -1.84787
0.836837 -1.84672
0.837838 -1.84556
0.838839 -1.84439
0.83984 -1.8432
0.840841 -1.84201
0.841842 -1.8408
0.842843 -1.83958
0.843844 -1.83835
0.844845 -1.83711
0.845846 -1.83585
0.846847 -1.83458
0.847848 -1.8333
0.848849 -1.832
0.84985 -1.83069
0.850851 -1.82937
0.851852 -1.82804
0.852853 -1.82669
0.853854 -1.82532
0.854855 -1.82394
0.855856 -1.82255
0.856857 -1.82114
0.857858 -1.81972
0.858859 -1.81828
0.85986 -1.81682
0.860861 -1.81535
0.861862 -1.81386
0.862863 -1.81236
0.863864 -1.81084
0.864865 -1.8093
0.865866 -1.80774
0.866867 -1.80617
0.867868 -1.80458
0.868869 -1.80297
0.86987 -1.80134
0.870871 -1.79969
0.871872 -1.79803
0.872873 -1.79634
0.873874 -1.79463
0.874875 -1.79291
0.875876 -1.79116
0.876877 -1.78939
0.877878 -1.7876
0.878879 -1.78578
0.87988 -1.78395
0.880881 -1.78209
0.881882 -1.78021
0.882883 -1.7783
0.883884 -1.77637
0.884885 -1.77442
0.885886 -1.77244
0.886887 -1.77043
0.887888 -1.7684
0.888889 -1.76634
0.88989 -1.76425
0.890891 -1.76214
0.891892 -1.75999
0.892893 -1.75782
0.893894 -1.75561
0.894895 -1.75338
0.895896 -1.75112
0.896897 -1.74882
0.897898 -1.74649
0.898899 -1.74413
0.8999 -1.74173
0.900901 -1.7393
0.901902 -1.73683
0.902903 -1.73433
0.903904 -1.73179
0.904905 -1.72921
0.905906 -1.72659
0.906907 -1.72393
0.907908 -1.72123
0.908909 -1.71849
0.90991 -1.7157
0.910911 -1.71287
0.911912 -1.70999
0.912913 -1.70707
0.913914 -1.7041
0.914915 -1.70109
0.915916 -1.69802
0.916917 -1.6949
0.917918 -1.69172
0.918919 -1.68849
0.91992 -1.68521
0.920921 -1.68187
0.921922 -1.67847
0.922923 -1.67501
0.923924 -1.67148
0.924925 -1.66789
0.925926 -1.66424
0.926927 -1.66051
0.927928 -1.65672
0.928929 -1.65285
0.92993 -1.64891
0.930931 -1.64489
0.931932 -1.64079
0.932933 -1.63661
0.933934 -1.63234
0.934935 -1.62799
0.935936 -1.62355
0.936937 -1.61901
0.937938 -1.61437
0.938939 -1.60963
0.93994 -1.60479
0.940941 -1.59984
0.941942 -1.59478
0.942943 -1.58961
0.943944 -1.58431
0.944945 -1.57888
0.945946 -1.57333
0.946947 -1.56764
0.947948 -1.56181
0.948949 -1.55584
0.94995 -1.54971
0.950951 -1.54342
0.951952 -1.53696
0.952953 -1.53033
0.953954 -1.52352
0.954955 -1.51651
0.955956 -1.50931
0.956957 -1.5019
0.957958 -1.49427
0.958959 -1.48641
0.95996 -1.4783
0.960961 -1.46994
0.961962 -1.46131
0.962963 -1.4524
0.963964 -1.44318
0.964965 -1.43365
0.965966 -1.42378
0.966967 -1.41354
0.967968 -1.40293
0.968969 -1.39191
0.96997 -1.38046
0.970971 -1.36854
0.971972 -1.35612
0.972973 -1.34317
0.973974 -1.32964
0.974975 -1.31549
0.975976 -1.30066
0.976977 -1.28509
0.977978 -1.26872
0.978979 -1.25148
0.97998 -1.23327
0.980981 -1.21399
0.981982 -1.19353
0.982983 -1.17174
0.983984 -1.14848
0.984985 -1.12353
0.985986 -1.09667
0.986987 -1.06761
0.987988 -1.036
0.988989 -1.00139
0.98999 -0.963192
0.990991 -0.920655
0.991992 -0.872746
0.992993 -0.818023
0.993994 -0.75437
0.994995 -0.678507
0.995996 -0.584942
0.996997 -0.463373
0.997998 -0.290678
0.998999 0.00692842
1 14.2337
