0 inf
0.010101 0.0402709
0.020202 -0.241038
0.030303 -0.397687
0.040404 -0.503463
0.0505051 -0.581489
0.0606061 -0.642067
0.0707071 -0.690688
0.0808081 -0.730633
0.0909091 -0.764015
0.10101 -0.792277
0.111111 -0.816448
0.121212 -0.837284
0.131313 -0.855363
0.141414 -0.871128
0.151515 -0.884935
0.161616 -0.897065
0.171717 -0.90775
0.181818 -0.91718
0.191919 -0.925514
0.20202 -0.932886
0.212121 -0.93941
0.222222 -0.94518
0.232323 -0.950281
0.242424 -0.954784
0.252525 -0.958751
0.262626 -0.962236
0.272727 -0.965286
0.282828 -0.967944
0.292929 -0.970246
0.30303 -0.972223
0.313131 -0.973904
0.323232 -0.975315
0.333333 -0.976477
0.343434 -0.977411
0.353535 -0.978133
0.363636 -0.97866
0.373737 -0.979005
0.383838 -0.979179
0.393939 -0.979195
0.40404 -0.97906
0.414141 -0.978784
0.424242 -0.978372
0.434343 -0.977833
0.444444 -0.97717
0.454545 -0.976387
0.464646 -0.97549
0.474747 -0.97448
0.484848 -0.973359
0.494949 -0.972129
0.505051 -0.970791
0.515152 -0.969345
0.525253 -0.967791
0.535354 -0.966127
0.545455 -0.964352
0.555556 -0.962463
0.565657 -0.960459
0.575758 -0.958334
0.585859 -0.956085
0.59596 -0.953708
0.606061 -0.951195
0.616162 -0.948541
0.626263 -0.945738
0.636364 -0.942778
0.646465 -0.939651
0.656566 -0.936346
0.666667 -0.932852
0.676768 -0.929154
0.686869 -0.925238
0.69697 -0.921085
0.707071 -0.916678
0.717172 -0.911993
0.727273 -0.907006
0.737374 -0.90169
0.747475 -0.89601
0.757576 -0.889932
0.767677 -0.883412
0.777778 -0.876402
0.787879 -0.868845
0.79798 -0.860674
0.808081 -0.851813
0.818182 -0.842169
0.828283 -0.831633
0.838384 -0.820072
0.848485 -0.807327
0.858586 -0.793201
0.868687 -0.777448
0.878788 -0.75976
0.888889 -0.739741
0.89899 -0.716872
0.909091 -0.69046
0.919192 -0.659552
0.929293 -0.622792
0.939394 -0.578166
0.949495 -0.522511
0.959596 -0.450474
0.969697 -0.351916
0.979798 -0.20391
0.989899 0.0670946
1 15.269
