0 0.0952539
0.010101 0.180305
0.020202 0.256133
0.030303 0.323624
0.040404 0.38358
0.0505051 0.436724
0.0606061 0.48371
0.0707071 0.525131
0.0808081 0.561521
0.0909091 0.593363
0.10101 0.621095
0.111111 0.645111
0.121212 0.665768
0.131313 0.683389
0.141414 0.698266
0.151515 0.710661
0.161616 0.720815
0.171717 0.728942
0.181818 0.735236
0.191919 0.739874
0.20202 0.743015
0.212121 0.744803
0.222222 0.745368
0.232323 0.744827
0.242424 0.743287
0.252525 0.740843
0.262626 0.737583
0.272727 0.733584
0.282828 0.728918
0.292929 0.723649
0.30303 0.717835
0.313131 0.711528
0.323232 0.704776
0.333333 0.697621
0.343434 0.690101
0.353535 0.682253
0.363636 0.674108
0.373737 0.665693
0.383838 0.657036
0.393939 0.648159
0.40404 0.639083
0.414141 0.629828
0.424242 0.620411
0.434343 0.610847
0.444444 0.601151
0.454545 0.591334
0.464646 0.58141
0.474747 0.571387
0.484848 0.561276
0.494949 0.551085
0.505051 0.540822
0.515152 0.530493
0.525253 0.520105
0.535354 0.509664
0.545455 0.499175
0.555556 0.488642
0.565657 0.478069
0.575758 0.467461
0.585859 0.456821
0.59596 0.446151
0.606061 0.435455
0.616162 0.424736
0.626263 0.413994
0.636364 0.403234
0.646465 0.392455
0.656566 0.381661
0.666667 0.370853
0.676768 0.360031
0.686869 0.349198
0.69697 0.338354
0.707071 0.327501
0.717172 0.316639
0.727273 0.305769
0.737374 0.294892
0.747475 0.284009
0.757576 0.273119
0.767677 0.262225
0.777778 0.251326
0.787879 0.240423
0.79798 0.229515
0.808081 0.218604
0.818182 0.207691
0.828283 0.196774
0.838384 0.185854
0.848485 0.174933
0.858586 0.164009
0.868687 0.153083
0.878788 0.142156
0.888889 0.131227
0.89899 0.120296
0.909091 0.109365
0.919192 0.0984319
0.929293 0.0874981
0.939394 0.0765633
0.949495 0.0656276
0.959596 0.0546912
0.969697 0.0437541
0.979798 0.0328164
0.989899 0.0218781
1 0.0109393
