0 0.00901506
0.001001 0.0179303
0.002002 0.0267468
0.003003 0.0354654
0.004004 0.0440872
0.00500501 0.0526131
0.00600601 0.0610441
0.00700701 0.0693811
0.00800801 0.077625
0.00900901 0.0857768
0.01001 0.0938375
0.011011 0.101808
0.012012 0.109689
0.013013 0.117481
0.014014 0.125186
0.015015 0.132804
0.016016 0.140336
0.017017 0.147783
0.018018 0.155146
0.019019 0.162426
0.02002 0.169623
0.021021 0.176738
0.022022 0.183773
0.023023 0.190727
0.024024 0.197603
0.025025 0.204399
0.026026 0.211118
0.027027 0.21776
0.028028 0.224326
0.029029 0.230817
0.03003 0.237232
0.031031 0.243574
0.032032 0.249843
0.033033 0.256039
0.034034 0.262164
0.035035 0.268218
0.036036 0.274201
0.037037 0.280114
0.038038 0.285959
0.039039 0.291736
0.04004 0.297445
0.041041 0.303087
0.042042 0.308663
0.043043 0.314173
0.044044 0.319618
0.045045 0.325
0.046046 0.330317
0.047047 0.335572
0.048048 0.340764
0.049049 0.345895
0.0500501 0.350964
0.0510511 0.355973
0.0520521 0.360922
0.0530531 0.365812
0.0540541 0.370643
0.0550551 0.375416
0.0560561 0.380131
0.0570571 0.38479
0.0580581 0.389392
0.0590591 0.393938
0.0600601 0.398429
0.0610611 0.402865
0.0620621 0.407247
0.0630631 0.411575
0.0640641 0.41585
0.0650651 0.420072
0.0660661 0.424243
0.0670671 0.428362
0.0680681 0.43243
0.0690691 0.436447
0.0700701 0.440414
0.0710711 0.444332
0.0720721 0.448201
0.0730731 0.452021
0.0740741 0.455794
0.0750751 0.459518
0.0760761 0.463196
0.0770771 0.466826
0.0780781 0.470411
0.0790791 0.47395
0.0800801 0.477444
0.0810811 0.480893
0.0820821 0.484297
0.0830831 0.487658
0.0840841 0.490975
0.0850851 0.494249
0.0860861 0.497481
0.0870871 0.50067
0.0880881 0.503817
0.0890891 0.506924
0.0900901 0.509989
0.0910911 0.513014
0.0920921 0.515998
0.0930931 0.518943
0.0940941 0.521848
0.0950951 0.524715
0.0960961 0.527543
0.0970971 0.530332
0.0980981 0.533084
0.0990991 0.535799
0.1001 0.538477
0.101101 0.541117
0.102102 0.543722
0.103103 0.54629
0.104104 0.548823
0.105105 0.551321
0.106106 0.553784
0.107107 0.556212
0.108108 0.558606
0.109109 0.560967
0.11011 0.563293
0.111111 0.565587
0.112112 0.567848
0.113113 0.570076
0.114114 0.572272
0.115115 0.574436
0.116116 0.576568
0.117117 0.57867
0.118118 0.58074
0.119119 0.58278
0.12012 0.584789
0.121121 0.586768
0.122122 0.588718
0.123123 0.590638
0.124124 0.592529
0.125125 0.594392
0.126126 0.596225
0.127127 0.598031
0.128128 0.599808
0.129129 0.601558
0.13013 0.60328
0.131131 0.604975
0.132132 0.606643
0.133133 0.608285
0.134134 0.6099
0.135135 0.611489
0.136136 0.613053
0.137137 0.61459
0.138138 0.616103
0.139139 0.61759
0.14014 0.619052
0.141141 0.62049
0.142142 0.621904
0.143143 0.623293
0.144144 0.624659
0.145145 0.626001
0.146146 0.62732
0.147147 0.628615
0.148148 0.629888
0.149149 0.631138
0.15015 0.632365
0.151151 0.63357
0.152152 0.634754
0.153153 0.635915
0.154154 0.637055
0.155155 0.638173
0.156156 0.639271
0.157157 0.640347
0.158158 0.641403
0.159159 0.642438
0.16016 0.643452
0.161161 0.644447
0.162162 0.645422
0.163163 0.646377
0.164164 0.647313
0.165165 0.648229
0.166166 0.649126
0.167167 0.650004
0.168168 0.650863
0.169169 0.651704
0.17017 0.652526
0.171171 0.653331
0.172172 0.654117
0.173173 0.654885
0.174174 0.655636
0.175175 0.656369
0.176176 0.657085
0.177177 0.657784
0.178178 0.658466
0.179179 0.659131
0.18018 0.659779
0.181181 0.660411
0.182182 0.661026
0.183183 0.661626
0.184184 0.662209
0.185185 0.662777
0.186186 0.663329
0.187187 0.663865
0.188188 0.664386
0.189189 0.664892
0.19019 0.665383
0.191191 0.665859
0.192192 0.66632
0.193193 0.666767
0.194194 0.667199
0.195195 0.667617
0.196196 0.668021
0.197197 0.66841
0.198198 0.668786
0.199199 0.669148
0.2002 0.669496
0.201201 0.669831
0.202202 0.670153
0.203203 0.670461
0.204204 0.670757
0.205205 0.671039
0.206206 0.671308
0.207207 0.671565
0.208208 0.671809
0.209209 0.672041
0.21021 0.672261
0.211211 0.672468
0.212212 0.672663
0.213213 0.672846
0.214214 0.673018
0.215215 0.673177
0.216216 0.673326
0.217217 0.673462
0.218218 0.673587
0.219219 0.673701
0.22022 0.673804
0.221221 0.673896
0.222222 0.673977
0.223223 0.674047
0.224224 0.674106
0.225225 0.674155
0.226226 0.674193
0.227227 0.674221
0.228228 0.674239
0.229229 0.674246
0.23023 0.674244
0.231231 0.674231
0.232232 0.674208
0.233233 0.674176
0.234234 0.674134
0.235235 0.674082
0.236236 0.674021
0.237237 0.673951
0.238238 0.673871
0.239239 0.673782
0.24024 0.673684
0.241241 0.673577
0.242242 0.67346
0.243243 0.673335
0.244244 0.673202
0.245245 0.673059
0.246246 0.672908
0.247247 0.672749
0.248248 0.672581
0.249249 0.672404
0.25025 0.67222
0.251251 0.672027
0.252252 0.671826
0.253253 0.671618
0.254254 0.671401
0.255255 0.671176
0.256256 0.670944
0.257257 0.670704
0.258258 0.670456
0.259259 0.670201
0.26026 0.669938
0.261261 0.669668
0.262262 0.669391
0.263263 0.669106
0.264264 0.668814
0.265265 0.668516
0.266266 0.66821
0.267267 0.667897
0.268268 0.667577
0.269269 0.66725
0.27027 0.666917
0.271271 0.666577
0.272272 0.66623
0.273273 0.665877
0.274274 0.665517
0.275275 0.665151
0.276276 0.664778
0.277277 0.6644
0.278278 0.664014
0.279279 0.663623
0.28028 0.663226
0.281281 0.662822
0.282282 0.662413
0.283283 0.661998
0.284284 0.661577
0.285285 0.661149
0.286286 0.660717
0.287287 0.660278
0.288288 0.659834
0.289289 0.659384
0.29029 0.658929
0.291291 0.658468
0.292292 0.658002
0.293293 0.657531
0.294294 0.657054
0.295295 0.656572
0.296296 0.656085
0.297297 0.655592
0.298298 0.655095
0.299299 0.654592
0.3003 0.654085
0.301301 0.653572
0.302302 0.653055
0.303303 0.652532
0.304304 0.652005
0.305305 0.651473
0.306306 0.650937
0.307307 0.650395
0.308308 0.649849
0.309309 0.649299
0.31031 0.648744
0.311311 0.648185
0.312312 0.647621
0.313313 0.647052
0.314314 0.64648
0.315315 0.645903
0.316316 0.645322
0.317317 0.644736
0.318318 0.644147
0.319319 0.643553
0.32032 0.642955
0.321321 0.642353
0.322322 0.641747
0.323323 0.641137
0.324324 0.640524
0.325325 0.639906
0.326326 0.639284
0.327327 0.638659
0.328328 0.63803
0.329329 0.637397
0.33033 0.63676
0.331331 0.63612
0.332332 0.635476
0.333333 0.634828
0.334334 0.634177
0.335335 0.633523
0.336336 0.632865
0.337337 0.632203
0.338338 0.631538
0.339339 0.63087
0.34034 0.630198
0.341341 0.629523
0.342342 0.628845
0.343343 0.628163
0.344344 0.627478
0.345345 0.62679
0.346346 0.626099
0.347347 0.625405
0.348348 0.624708
0.349349 0.624007
0.35035 0.623304
0.351351 0.622597
0.352352 0.621888
0.353353 0.621176
0.354354 0.62046
0.355355 0.619742
0.356356 0.619021
0.357357 0.618297
0.358358 0.617571
0.359359 0.616841
0.36036 0.616109
0.361361 0.615374
0.362362 0.614637
0.363363 0.613896
0.364364 0.613153
0.365365 0.612408
0.366366 0.61166
0.367367 0.610909
0.368368 0.610156
0.369369 0.6094
0.37037 0.608642
0.371371 0.607882
0.372372 0.607119
0.373373 0.606353
0.374374 0.605585
0.375375 0.604815
0.376376 0.604043
0.377377 0.603268
0.378378 0.602491
0.379379 0.601711
0.38038 0.600929
0.381381 0.600146
0.382382 0.599359
0.383383 0.598571
0.384384 0.597781
0.385385 0.596988
0.386386 0.596194
0.387387 0.595397
0.388388 0.594598
0.389389 0.593797
0.39039 0.592994
0.391391 0.592189
0.392392 0.591382
0.393393 0.590573
0.394394 0.589762
0.395395 0.58895
0.396396 0.588135
0.397397 0.587318
0.398398 0.5865
0.399399 0.585679
0.4004 0.584857
0.401401 0.584033
0.402402 0.583207
0.403403 0.58238
0.404404 0.581551
0.405405 0.580719
0.406406 0.579887
0.407407 0.579052
0.408408 0.578216
0.409409 0.577378
0.41041 0.576538
0.411411 0.575697
0.412412 0.574854
0.413413 0.57401
0.414414 0.573164
0.415415 0.572316
0.416416 0.571467
0.417417 0.570616
0.418418 0.569764
0.419419 0.56891
0.42042 0.568054
0.421421 0.567198
0.422422 0.566339
0.423423 0.56548
0.424424 0.564618
0.425425 0.563756
0.426426 0.562892
0.427427 0.562026
0.428428 0.561159
0.429429 0.560291
0.43043 0.559421
0.431431 0.55855
0.432432 0.557678
0.433433 0.556805
0.434434 0.55593
0.435435 0.555053
0.436436 0.554176
0.437437 0.553297
0.438438 0.552417
0.439439 0.551536
0.44044 0.550653
0.441441 0.54977
0.442442 0.548885
0.443443 0.547999
0.444444 0.547111
0.445445 0.546223
0.446446 0.545333
0.447447 0.544443
0.448448 0.543551
0.449449 0.542658
0.45045 0.541763
0.451451 0.540868
0.452452 0.539972
0.453453 0.539074
0.454454 0.538176
0.455455 0.537276
0.456456 0.536376
0.457457 0.535474
0.458458 0.534571
0.459459 0.533668
0.46046 0.532763
0.461461 0.531857
0.462462 0.530951
0.463463 0.530043
0.464464 0.529134
0.465465 0.528225
0.466466 0.527314
0.467467 0.526403
0.468468 0.52549
0.469469 0.524577
0.47047 0.523662
0.471471 0.522747
0.472472 0.521831
0.473473 0.520914
0.474474 0.519996
0.475475 0.519078
0.476476 0.518158
0.477477 0.517238
0.478478 0.516317
0.479479 0.515395
0.48048 0.514472
0.481481 0.513548
0.482482 0.512623
0.483483 0.511698
0.484484 0.510772
0.485485 0.509845
0.486486 0.508917
0.487487 0.507989
0.488488 0.50706
0.489489 0.50613
0.49049 0.505199
0.491491 0.504267
0.492492 0.503335
0.493493 0.502402
0.494494 0.501469
0.495495 0.500534
0.496496 0.499599
0.497497 0.498664
0.498498 0.497727
0.499499 0.49679
0.500501 0.495852
0.501502 0.494914
0.502503 0.493975
0.503504 0.493035
0.504505 0.492094
0.505506 0.491153
0.506507 0.490212
0.507508 0.489269
0.508509 0.488326
0.50951 0.487383
0.510511 0.486439
0.511512 0.485494
0.512513 0.484548
0.513514 0.483602
0.514515 0.482656
0.515516 0.481709
0.516517 0.480761
0.517518 0.479813
0.518519 0.478864
0.51952 0.477914
0.520521 0.476964
0.521522 0.476014
0.522523 0.475063
0.523524 0.474111
0.524525 0.473159
0.525526 0.472206
0.526527 0.471253
0.527528 0.470299
0.528529 0.469345
0.52953 0.468391
0.530531 0.467435
0.531532 0.46648
0.532533 0.465523
0.533534 0.464567
0.534535 0.46361
0.535536 0.462652
0.536537 0.461694
0.537538 0.460735
0.538539 0.459776
0.53954 0.458817
0.540541 0.457857
0.541542 0.456896
0.542543 0.455935
0.543544 0.454974
0.544545 0.454012
0.545546 0.45305
0.546547 0.452088
0.547548 0.451125
0.548549 0.450161
0.54955 0.449197
0.550551 0.448233
0.551552 0.447269
0.552553 0.446303
0.553554 0.445338
0.554555 0.444372
0.555556 0.443406
0.556557 0.442439
0.557558 0.441472
0.558559 0.440505
0.55956 0.439537
0.560561 0.438569
0.561562 0.437601
0.562563 0.436632
0.563564 0.435663
0.564565 0.434693
0.565566 0.433723
0.566567 0.432753
0.567568 0.431782
0.568569 0.430811
0.56957 0.42984
0.570571 0.428868
0.571572 0.427896
0.572573 0.426924
0.573574 0.425951
0.574575 0.424978
0.575576 0.424005
0.576577 0.423032
0.577578 0.422058
0.578579 0.421083
0.57958 0.420109
0.580581 0.419134
0.581582 0.418159
0.582583 0.417184
0.583584 0.416208
0.584585 0.415232
0.585586 0.414256
0.586587 0.413279
0.587588 0.412302
0.588589 0.411325
0.58959 0.410348
0.590591 0.40937
0.591592 0.408392
0.592593 0.407414
0.593594 0.406435
0.594595 0.405457
0.595596 0.404478
0.596597 0.403498
0.597598 0.402519
0.598599 0.401539
0.5996 0.400559
0.600601 0.399579
0.601602 0.398598
0.602603 0.397617
0.603604 0.396636
0.604605 0.395655
0.605606 0.394674
0.606607 0.393692
0.607608 0.39271
0.608609 0.391728
0.60961 0.390745
0.610611 0.389763
0.611612 0.38878
0.612613 0.387797
0.613614 0.386814
0.614615 0.38583
0.615616 0.384846
0.616617 0.383862
0.617618 0.382878
0.618619 0.381894
0.61962 0.380909
0.620621 0.379925
0.621622 0.37894
0.622623 0.377954
0.623624 0.376969
0.624625 0.375984
0.625626 0.374998
0.626627 0.374012
0.627628 0.373026
0.628629 0.372039
0.62963 0.371053
0.630631 0.370066
0.631632 0.369079
0.632633 0.368092
0.633634 0.367105
0.634635 0.366118
0.635636 0.36513
0.636637 0.364142
0.637638 0.363154
0.638639 0.362166
0.63964 0.361178
0.640641 0.36019
0.641642 0.359201
0.642643 0.358212
0.643644 0.357223
0.644645 0.356234
0.645646 0.355245
0.646647 0.354256
0.647648 0.353266
0.648649 0.352276
0.64965 0.351287
0.650651 0.350297
0.651652 0.349306
0.652653 0.348316
0.653654 0.347326
0.654655 0.346335
0.655656 0.345344
0.656657 0.344353
0.657658 0.343362
0.658659 0.342371
0.65966 0.34138
0.660661 0.340389
0.661662 0.339397
0.662663 0.338405
0.663664 0.337413
0.664665 0.336422
0.665666 0.335429
0.666667 0.334437
0.667668 0.333445
0.668669 0.332452
0.66967 0.33146
0.670671 0.330467
0.671672 0.329474
0.672673 0.328481
0.673674 0.327488
0.674675 0.326495
0.675676 0.325502
0.676677 0.324508
0.677678 0.323515
0.678679 0.322521
0.67968 0.321527
0.680681 0.320533
0.681682 0.319539
0.682683 0.318545
0.683684 0.317551
0.684685 0.316557
0.685686 0.315562
0.686687 0.314568
0.687688 0.313573
0.688689 0.312578
0.68969 0.311584
0.690691 0.310589
0.691692 0.309594
0.692693 0.308598
0.693694 0.307603
0.694695 0.306608
0.695696 0.305612
0.696697 0.304617
0.697698 0.303621
0.698699 0.302626
0.6997 0.30163
0.700701 0.300634
0.701702 0.299638
0.702703 0.298642
0.703704 0.297646
0.704705 0.296649
0.705706 0.295653
0.706707 0.294657
0.707708 0.29366
0.708709 0.292664
0.70971 0.291667
0.710711 0.29067
0.711712 0.289673
0.712713 0.288676
0.713714 0.287679
0.714715 0.286682
0.715716 0.285685
0.716717 0.284688
0.717718 0.283691
0.718719 0.282693
0.71972 0.281696
0.720721 0.280698
0.721722 0.2797
0.722723 0.278703
0.723724 0.277705
0.724725 0.276707
0.725726 0.275709
0.726727 0.274711
0.727728 0.273713
0.728729 0.272715
0.72973 0.271717
0.730731 0.270719
0.731732 0.26972
0.732733 0.268722
0.733734 0.267724
0.734735 0.266725
0.735736 0.265726
0.736737 0.264728
0.737738 0.263729
0.738739 0.26273
0.73974 0.261732
0.740741 0.260733
0.741742 0.259734
0.742743 0.258735
0.743744 0.257736
0.744745 0.256736
0.745746 0.255737
0.746747 0.254738
0.747748 0.253739
0.748749 0.252739
0.74975 0.25174
0.750751 0.250741
0.751752 0.249741
0.752753 0.248741
0.753754 0.247742
0.754755 0.246742
0.755756 0.245742
0.756757 0.244743
0.757758 0.243743
0.758759 0.242743
0.75976 0.241743
0.760761 0.240743
0.761762 0.239743
0.762763 0.238743
0.763764 0.237743
0.764765 0.236742
0.765766 0.235742
0.766767 0.234742
0.767768 0.233742
0.768769 0.232741
0.76977 0.231741
0.770771 0.23074
0.771772 0.22974
0.772773 0.228739
0.773774 0.227739
0.774775 0.226738
0.775776 0.225737
0.776777 0.224737
0.777778 0.223736
0.778779 0.222735
0.77978 0.221734
0.780781 0.220733
0.781782 0.219732
0.782783 0.218731
0.783784 0.21773
0.784785 0.216729
0.785786 0.215728
0.786787 0.214727
0.787788 0.213726
0.788789 0.212725
0.78979 0.211723
0.790791 0.210722
0.791792 0.209721
0.792793 0.208719
0.793794 0.207718
0.794795 0.206717
0.795796 0.205715
0.796797 0.204714
0.797798 0.203712
0.798799 0.202711
0.7998 0.201709
0.800801 0.200707
0.801802 0.199706
0.802803 0.198704
0.803804 0.197702
0.804805 0.1967
0.805806 0.195699
0.806807 0.194697
0.807808 0.193695
0.808809 0.192693
0.80981 0.191691
0.810811 0.190689
0.811812 0.189687
0.812813 0.188685
0.813814 0.187683
0.814815 0.186681
0.815816 0.185679
0.816817 0.184677
0.817818 0.183675
0.818819 0.182672
0.81982 0.18167
0.820821 0.180668
0.821822 0.179666
0.822823 0.178663
0.823824 0.177661
0.824825 0.176659
0.825826 0.175656
0.826827 0.174654
0.827828 0.173652
0.828829 0.172649
0.82983 0.171647
0.830831 0.170644
0.831832 0.169642
0.832833 0.168639
0.833834 0.167637
0.834835 0.166634
0.835836 0.165631
0.836837 0.164629
0.837838 0.163626
0.838839 0.162623
0.83984 0.161621
0.840841 0.160618
0.841842 0.159615
0.842843 0.158612
0.843844 0.15761
0.844845 0.156607
0.845846 0.155604
0.846847 0.154601
0.847848 0.153598
0.848849 0.152595
0.84985 0.151592
0.850851 0.150589
0.851852 0.149586
0.852853 0.148583
0.853854 0.14758
0.854855 0.146577
0.855856 0.145574
0.856857 0.144571
0.857858 0.143568
0.858859 0.142565
0.85986 0.141562
0.860861 0.140559
0.861862 0.139556
0.862863 0.138552
0.863864 0.137549
0.864865 0.136546
0.865866 0.135543
0.866867 0.13454
0.867868 0.133536
0.868869 0.132533
0.86987 0.13153
0.870871 0.130526
0.871872 0.129523
0.872873 0.12852
0.873874 0.127516
0.874875 0.126513
0.875876 0.12551
0.876877 0.124506
0.877878 0.123503
0.878879 0.122499
0.87988 0.121496
0.880881 0.120492
0.881882 0.119489
0.882883 0.118485
0.883884 0.117482
0.884885 0.116478
0.885886 0.115475
0.886887 0.114471
0.887888 0.113468
0.888889 0.112464
0.88989 0.11146
0.890891 0.110457
0.891892 0.109453
0.892893 0.10845
0.893894 0.107446
0.894895 0.106442
0.895896 0.105439
0.896897 0.104435
0.897898 0.103431
0.898899 0.102427
0.8999 0.101424
0.900901 0.10042
0.901902 0.0994162
0.902903 0.0984124
0.903904 0.0974086
0.904905 0.0964049
0.905906 0.095401
0.906907 0.0943972
0.907908 0.0933934
0.908909 0.0923896
0.90991 0.0913857
0.910911 0.0903819
0.911912 0.089378
0.912913 0.0883741
0.913914 0.0873702
0.914915 0.0863663
0.915916 0.0853624
0.916917 0.0843585
0.917918 0.0833545
0.918919 0.0823506
0.91992 0.0813466
0.920921 0.0803427
0.921922 0.0793387
0.922923 0.0783347
0.923924 0.0773307
0.924925 0.0763267
0.925926 0.0753227
0.926927 0.0743186
0.927928 0.0733146
0.928929 0.0723106
0.92993 0.0713065
0.930931 0.0703025
0.931932 0.0692984
0.932933 0.0682943
0.933934 0.0672902
0.934935 0.0662861
0.935936 0.065282
0.936937 0.0642779
0.937938 0.0632738
0.938939 0.0622696
0.93994 0.0612655
0.940941 0.0602613
0.941942 0.0592572
0.942943 0.058253
0.943944 0.0572488
0.944945 0.0562447
0.945946 0.0552405
0.946947 0.0542363
0.947948 0.0532321
0.948949 0.0522279
0.94995 0.0512236
0.950951 0.0502194
0.951952 0.0492152
0.952953 0.0482109
0.953954 0.0472067
0.954955 0.0462024
0.955956 0.0451982
0.956957 0.0441939
0.957958 0.0431896
0.958959 0.0421853
0.95996 0.0411811
0.960961 0.0401768
0.961962 0.0391724
0.962963 0.0381681
0.963964 0.0371638
0.964965 0.0361595
0.965966 0.0351552
0.966967 0.0341508
0.967968 0.0331465
0.968969 0.0321421
0.96997 0.0311378
0.970971 0.0301334
0.971972 0.0291291
0.972973 0.0281247
0.973974 0.0271203
0.974975 0.0261159
0.975976 0.0251115
0.976977 0.0241071
0.977978 0.0231027
0.978979 0.0220983
0.97998 0.0210939
0.980981 0.0200895
0.981982 0.0190851
0.982983 0.0180806
0.983984 0.0170762
0.984985 0.0160717
0.985986 0.0150673
0.986987 0.0140628
0.987988 0.0130584
0.988989 0.0120539
0.98999 0.0110495
0.990991 0.010045
0.991992 0.00904051
0.992993 0.00803603
0.993994 0.00703154
0.994995 0.00602705
0.995996 0.00502255
0.996997 0.00401805
0.997998 0.00301355
0.998999 0.00200903
1 0.00100452
