0 0 0 0 
0.0251256 0.0258311 -0.0350641 0.0412623 
0.0502513 0.052245 -0.0708342 0.0832536 
0.0753769 0.0791816 -0.107141 0.12567 
0.100503 0.106579 -0.14381 0.168201 
0.125628 0.134373 -0.180665 0.210536 
0.150754 0.1625 -0.217528 0.25236 
0.175879 0.190893 -0.254219 0.293361 
0.201005 0.219486 -0.290559 0.333233 
0.226131 0.248212 -0.326367 0.371674 
0.251256 0.277003 -0.361468 0.408392 
0.276382 0.305791 -0.395687 0.443106 
0.301508 0.33451 -0.428853 0.475547 
0.326633 0.363091 -0.4608 0.505464 
0.351759 0.391468 -0.491368 0.532621 
0.376884 0.419575 -0.520403 0.556802 
0.40201 0.447349 -0.547759 0.577812 
0.427136 0.474724 -0.573295 0.595477 
0.452261 0.50164 -0.596883 0.609649 
0.477387 0.528035 -0.618401 0.620203 
0.502513 0.553853 -0.637738 0.627039 
0.527638 0.579035 -0.654794 0.630085 
0.552764 0.603529 -0.669479 0.629295 
0.577889 0.627283 -0.681715 0.62465 
0.603015 0.650247 -0.691436 0.61616 
0.628141 0.672376 -0.698587 0.60386 
0.653266 0.693625 -0.703127 0.587811 
0.678392 0.713955 -0.705025 0.568105 
0.703518 0.733328 -0.704264 0.544854 
0.728643 0.751709 -0.700839 0.518197 
0.753769 0.769069 -0.694757 0.488297 
0.778894 0.785378 -0.686037 0.455338 
0.80402 0.800612 -0.67471 0.419526 
0.829146 0.814751 -0.66082 0.381085 
0.854271 0.827777 -0.644421 0.340257 
0.879397 0.839676 -0.625577 0.297298 
0.904523 0.850437 -0.604365 0.25248 
0.929648 0.860051 -0.580869 0.206085 
0.954774 0.868516 -0.555184 0.158405 
0.979899 0.875831 -0.527414 0.109739 
1.00503 0.881997 -0.49767 0.060392 
1.03015 0.88702 -0.466072 0.0106707 
1.05528 0.890908 -0.432744 -0.0391165 
1.0804 0.893674 -0.397819 -0.0886629 
1.10553 0.895331 -0.361433 -0.137665 
1.13065 0.895897 -0.323728 -0.185825 
1.15578 0.895391 -0.284848 -0.232852 
1.1809 0.893836 -0.244942 -0.278466 
1.20603 0.891256 -0.20416 -0.322396 
1.23116 0.887678 -0.162653 -0.364386 
1.25628 0.88313 -0.120573 -0.404193 
1.28141 0.877644 -0.0780715 -0.441591 
1.30653 0.871252 -0.0352997 -0.47637 
1.33166 0.863988 0.00759335 -0.508338 
1.35678 0.855887 0.0504605 -0.537324 
1.38191 0.846987 0.0931579 -0.563176 
1.40704 0.837326 0.135545 -0.585763 
1.43216 0.826941 0.177486 -0.604975 
1.45729 0.815874 0.218848 -0.620724 
1.48241 0.804164 0.259506 -0.632943 
1.50754 0.791852 0.299339 -0.641588 
1.53266 0.778979 0.338232 -0.646636 
1.55779 0.765588 0.376078 -0.648085 
1.58291 0.751718 0.412774 -0.645955 
1.60804 0.737411 0.448227 -0.640286 
1.63317 0.722708 0.48235 -0.631136 
1.65829 0.707651 0.515063 -0.618584 
1.68342 0.692279 0.546295 -0.602728 
1.70854 0.676631 0.575981 -0.583679 
1.73367 0.660747 0.604066 -0.561567 
1.75879 0.644665 0.630501 -0.536535 
1.78392 0.628422 0.655246 -0.508742 
1.80905 0.612054 0.678268 -0.478355 
1.83417 0.595597 0.699541 -0.445555 
1.8593 0.579083 0.719048 -0.410531 
1.88442 0.562547 0.736778 -0.373479 
1.90955 0.546019 0.752728 -0.334603 
1.93467 0.52953 0.766902 -0.294113 
1.9598 0.513108 0.779309 -0.252218 
1.98492 0.496781 0.789966 -0.209136 
2.01005 0.480576 0.798895 -0.165079 
2.03518 0.464516 0.806123 -0.120264 
2.0603 0.448625 0.811685 -0.074904 
2.08543 0.432925 0.815618 -0.0292086 
2.11055 0.417435 0.817966 0.0166157 
2.13568 0.402174 0.818774 0.0623678 
2.1608 0.387161 0.818093 0.107853 
2.18593 0.37241 0.815979 0.152882 
2.21106 0.357935 0.812488 0.197277 
2.23618 0.343751 0.807679 0.240865 
2.26131 0.329868 0.801616 0.283484 
2.28643 0.316298 0.794362 0.324983 
2.31156 0.303048 0.785983 0.365219 
2.33668 0.290127 0.776546 0.404063 
2.36181 0.277542 0.766118 0.441395 
2.38693 0.265297 0.754767 0.477105 
2.41206 0.253396 0.742563 0.511099 
2.43719 0.241844 0.729573 0.543291 
2.46231 0.230642 0.715865 0.573608 
2.48744 0.21979 0.701507 0.601988 
2.51256 0.20929 0.686564 0.628382 
2.53769 0.199141 0.671102 0.65275 
2.56281 0.189341 0.655184 0.675064 
2.58794 0.179887 0.638874 0.695308 
2.61307 0.170777 0.622231 0.713474 
2.63819 0.162007 0.605314 0.729565 
2.66332 0.153573 0.588179 0.743594 
2.68844 0.145469 0.57088 0.755581 
2.71357 0.13769 0.55347 0.765557 
2.73869 0.130231 0.535999 0.773558 
2.76382 0.123085 0.518513 0.77963 
2.78894 0.116246 0.501057 0.783823 
2.81407 0.109705 0.483673 0.786195 
2.8392 0.103457 0.466401 0.786809 
2.86432 0.0974933 0.449277 0.785732 
2.88945 0.0918062 0.432336 0.783036 
2.91457 0.0863879 0.41561 0.778797 
2.9397 0.0812303 0.399127 0.773093 
2.96482 0.0763252 0.382915 0.766005 
2.98995 0.0716643 0.366997 0.757616 
3.01508 0.0672395 0.351396 0.748012 
3.0402 0.0630424 0.336131 0.737276 
3.06533 0.0590647 0.321219 0.725496 
3.09045 0.0552984 0.306674 0.712755 
3.11558 0.051735 0.29251 0.699141 
3.1407 0.0483666 0.278737 0.684737 
3.16583 0.0451852 0.265364 0.669627 
3.19095 0.042183 0.252399 0.653891 
3.21608 0.0393523 0.239845 0.63761 
3.24121 0.0366854 0.227708 0.62086 
3.26633 0.034175 0.215987 0.603717 
3.29146 0.0318138 0.204685 0.586254 
3.31658 0.0295948 0.193801 0.568539 
3.34171 0.0275112 0.183331 0.550638 
3.36683 0.0255562 0.173273 0.532616 
3.39196 0.0237234 0.163622 0.514532 
3.41709 0.0220066 0.154373 0.496442 
3.44221 0.0203997 0.14552 0.4784 
3.46734 0.0188969 0.137056 0.460455 
3.49246 0.0174925 0.128972 0.442653 
3.51759 0.0161812 0.121261 0.425038 
3.54271 0.0149577 0.113914 0.407649 
3.56784 0.0138171 0.106921 0.39052 
3.59296 0.0127546 0.100271 0.373686 
3.61809 0.0117656 0.0939566 0.357175 
3.64322 0.0108457 0.0879655 0.341014 
3.66834 0.00999083 0.0822876 0.325225 
3.69347 0.00919694 0.0769119 0.309829 
3.71859 0.00846029 0.0718278 0.294842 
3.74372 0.00777724 0.0670244 0.28028 
3.76884 0.00714437 0.0624905 0.266154 
3.79397 0.0065585 0.0582156 0.252474 
3.8191 0.00601649 0.0541886 0.239246 
3.84422 0.00551549 0.050399 0.226477 
3.86935 0.00505268 0.0468363 0.214167 
3.89447 0.00462554 0.04349 0.202319 
3.9196 0.0042316 0.04035 0.190932 
3.94472 0.00386851 0.0374065 0.180003 
3.96985 0.00353413 0.0346496 0.169528 
3.99497 0.00322646 0.03207 0.159503 
4.0201 0.00294354 0.0296584 0.149919 
4.04523 0.00268352 0.0274061 0.14077 
4.07035 0.00244483 0.0253042 0.132047 
4.09548 0.00222577 0.0233447 0.123741 
4.1206 0.00202497 0.0215193 0.115841 
4.14573 0.00184096 0.0198205 0.108336 
4.17085 0.00167253 0.0182408 0.101215 
4.19598 0.00151841 0.0167731 0.0944653 
4.22111 0.00137753 0.0154106 0.0880754 
4.24623 0.00124877 0.0141468 0.0820323 
4.27136 0.00113125 0.0129755 0.0763232 
4.29648 0.00102401 0.0118908 0.070935 
4.32161 0.000926254 0.0108871 0.0658547 
4.34673 0.000837173 0.00995891 0.0610693 
4.37186 0.000756042 0.00910126 0.0565655 
4.39698 0.000682222 0.00830933 0.0523304 
4.42211 0.000615064 0.00757849 0.0483511 
4.44724 0.00055403 0.00690448 0.0446149 
4.47236 0.000498539 0.00628314 0.0411093 
4.49749 0.000448158 0.00571069 0.0378219 
4.52261 0.000402424 0.00518346 0.0347406 
4.54774 0.000360917 0.00469798 0.0318536 
4.57286 0.000323221 0.00425103 0.0291493 
4.59799 0.000289029 0.00383961 0.0266164 
4.62312 0.000257989 0.0034607 0.0242438 
4.64824 0.000229815 0.00311176 0.0220207 
4.67337 0.000204151 0.00279014 0.0199367 
4.69849 0.000180873 0.0024934 0.0179816 
4.72362 0.000159686 0.00221933 0.0161453 
4.74874 0.000140349 0.00196575 0.0144182 
4.77387 0.000122654 0.00173053 0.0127906 
4.79899 0.000106427 0.00151188 0.0112534 
4.82412 9.15018e-05 0.00130782 0.00979729 
4.84925 7.76754e-05 0.00111662 0.00841332 
4.87437 6.48184e-05 0.000936578 0.00709261 
4.8995 5.28097e-05 0.000765998 0.00582624 
4.92462 4.14568e-05 0.00060332 0.00460548 
4.94975 3.0614e-05 0.000446965 0.00342148 
4.97487 2.01945e-05 0.00029533 0.00226527 
5 1.00154e-05 0.000146854 0.00112787 
