0 0 
0.0251256 0.0130866 
0.0502513 0.0264835 
0.0753769 0.0401759 
0.100503 0.0541483 
0.125628 0.0683845 
0.150754 0.0828683 
0.175879 0.0975827 
0.201005 0.11251 
0.226131 0.127634 
0.251256 0.142935 
0.276382 0.158395 
0.301508 0.173996 
0.326633 0.189718 
0.351759 0.205543 
0.376884 0.221452 
0.40201 0.237425 
0.427136 0.253442 
0.452261 0.269484 
0.477387 0.285532 
0.502513 0.301565 
0.527638 0.317564 
0.552764 0.33351 
0.577889 0.349384 
0.603015 0.365165 
0.628141 0.380835 
0.653266 0.396376 
0.678392 0.411768 
0.703518 0.426993 
0.728643 0.442033 
0.753769 0.456871 
0.778894 0.471489 
0.80402 0.48587 
0.829146 0.499998 
0.854271 0.513857 
0.879397 0.527431 
0.904523 0.540705 
0.929648 0.553665 
0.954774 0.566296 
0.979899 0.578586 
1.00503 0.590522 
1.03015 0.602091 
1.05528 0.613282 
1.0804 0.624083 
1.10553 0.634486 
1.13065 0.64448 
1.15578 0.654055 
1.1809 0.663205 
1.20603 0.671922 
1.23116 0.680198 
1.25628 0.688027 
1.28141 0.695405 
1.30653 0.702326 
1.33166 0.708786 
1.35678 0.714783 
1.38191 0.720313 
1.40704 0.725375 
1.43216 0.729968 
1.45729 0.73409 
1.48241 0.737743 
1.50754 0.740927 
1.53266 0.743643 
1.55779 0.745894 
1.58291 0.747683 
1.60804 0.749012 
1.63317 0.749886 
1.65829 0.75031 
1.68342 0.750288 
1.70854 0.749827 
1.73367 0.748931 
1.75879 0.74761 
1.78392 0.745868 
1.80905 0.743715 
1.83417 0.741158 
1.8593 0.738206 
1.88442 0.734867 
1.90955 0.731152 
1.93467 0.727069 
1.9598 0.72263 
1.98492 0.717843 
2.01005 0.71272 
2.03518 0.707271 
2.0603 0.701509 
2.08543 0.695443 
2.11055 0.689085 
2.13568 0.682448 
2.1608 0.675542 
2.18593 0.668381 
2.21106 0.660975 
2.23618 0.653337 
2.26131 0.645478 
2.28643 0.637412 
2.31156 0.62915 
2.33668 0.620705 
2.36181 0.612088 
2.38693 0.603311 
2.41206 0.594386 
2.43719 0.585326 
2.46231 0.576142 
2.48744 0.566846 
2.51256 0.557448 
2.53769 0.547961 
2.56281 0.538396 
2.58794 0.528762 
2.61307 0.519073 
2.63819 0.509336 
2.66332 0.499564 
2.68844 0.489766 
2.71357 0.479952 
2.73869 0.470132 
2.76382 0.460314 
2.78894 0.450508 
2.81407 0.440723 
2.8392 0.430966 
2.86432 0.421247 
2.88945 0.411573 
2.91457 0.401951 
2.9397 0.392389 
2.96482 0.382894 
2.98995 0.373473 
3.01508 0.364131 
3.0402 0.354875 
3.06533 0.345711 
3.09045 0.336644 
3.11558 0.327678 
3.1407 0.31882 
3.16583 0.310073 
3.19095 0.301442 
3.21608 0.29293 
3.24121 0.284542 
3.26633 0.276279 
3.29146 0.268147 
3.31658 0.260146 
3.34171 0.252281 
3.36683 0.244552 
3.39196 0.236963 
3.41709 0.229514 
3.44221 0.222207 
3.46734 0.215043 
3.49246 0.208024 
3.51759 0.20115 
3.54271 0.194421 
3.56784 0.187839 
3.59296 0.181402 
3.61809 0.175112 
3.64322 0.168967 
3.66834 0.162967 
3.69347 0.157112 
3.71859 0.151401 
3.74372 0.145833 
3.76884 0.140407 
3.79397 0.135121 
3.8191 0.129974 
3.84422 0.124965 
3.86935 0.120092 
3.89447 0.115353 
3.9196 0.110747 
3.94472 0.106271 
3.96985 0.101923 
3.99497 0.0977012 
4.0201 0.0936036 
4.04523 0.0896276 
4.07035 0.0857708 
4.09548 0.0820307 
4.1206 0.078405 
4.14573 0.0748909 
4.17085 0.071486 
4.19598 0.0681874 
4.22111 0.0649925 
4.24623 0.0618986 
4.27136 0.0589028 
4.29648 0.0560025 
4.32161 0.0531946 
4.34673 0.0504763 
4.37186 0.0478449 
4.39698 0.0452973 
4.42211 0.0428305 
4.44724 0.0404418 
4.47236 0.0381281 
4.49749 0.0358865 
4.52261 0.0337139 
4.54774 0.0316074 
4.57286 0.0295639 
4.59799 0.0275804 
4.62312 0.025654 
4.64824 0.0237814 
4.67337 0.0219596 
4.69849 0.0201856 
4.72362 0.0184562 
4.74874 0.0167682 
4.77387 0.0151186 
4.79899 0.013504 
4.82412 0.0119213 
4.84925 0.0103671 
4.87437 0.00883818 
4.8995 0.00733101 
4.92462 0.00584231 
4.94975 0.00436849 
4.97487 0.00290595 
5 0.00145105 
