0 0 
0.0251256 0.107132 
0.0502513 0.215777 
0.0753769 0.324765 
0.100503 0.432926 
0.125628 0.539107 
0.150754 0.642196 
0.175879 0.741132 
0.201005 0.834929 
0.226131 0.922686 
0.251256 1.0036 
0.276382 1.07699 
0.301508 1.14228 
0.326633 1.19901 
0.351759 1.24688 
0.376884 1.2857 
0.40201 1.31538 
0.427136 1.33601 
0.452261 1.34774 
0.477387 1.35087 
0.502513 1.34576 
0.527638 1.33289 
0.552764 1.3128 
0.577889 1.28607 
0.603015 1.25337 
0.628141 1.21537 
0.653266 1.17277 
0.678392 1.1263 
0.703518 1.07665 
0.728643 1.02452 
0.753769 0.970575 
0.778894 0.915463 
0.80402 0.859777 
0.829146 0.80407 
0.854271 0.748845 
0.879397 0.694552 
0.904523 0.641586 
0.929648 0.590288 
0.954774 0.540942 
0.979899 0.493779 
1.00503 0.448979 
1.03015 0.406675 
1.05528 0.366953 
1.0804 0.329858 
1.10553 0.295401 
1.13065 0.263558 
1.15578 0.234277 
1.1809 0.207483 
1.20603 0.183082 
1.23116 0.160963 
1.25628 0.141005 
1.28141 0.123077 
1.30653 0.107044 
1.33166 0.0927682 
1.35678 0.0801109 
1.38191 0.0689361 
1.40704 0.0591114 
1.43216 0.0505092 
1.45729 0.043008 
1.48241 0.0364935 
1.50754 0.0308582 
1.53266 0.026003 
1.55779 0.021836 
1.58291 0.0182739 
1.60804 0.0152403 
1.63317 0.0126669 
1.65829 0.0104922 
1.68342 0.00866121 
1.70854 0.00712552 
1.73367 0.00584226 
1.75879 0.00477391 
1.78392 0.00388777 
1.80905 0.00315548 
1.83417 0.00255254 
1.8593 0.00205785 
1.88442 0.00165353 
1.90955 0.00132416 
1.93467 0.00105688 
1.9598 0.000840772 
1.98492 0.000666605 
2.01005 0.000526788 
2.03518 0.000414872 
2.0603 0.000325704 
2.08543 0.000254825 
2.11055 0.00019875 
2.13568 0.000154467 
2.1608 0.000119659 
2.18593 9.24067e-05 
2.21106 7.11311e-05 
2.23618 5.45973e-05 
2.26131 4.17239e-05 
2.28643 3.17834e-05 
2.31156 2.41273e-05 
2.33668 1.83137e-05 
2.36181 1.37961e-05 
2.38693 1.03847e-05 
2.41206 7.79798e-06 
2.43719 5.79226e-06 
2.46231 4.32354e-06 
2.48744 3.22469e-06 
2.51256 2.36991e-06 
2.53769 1.76046e-06 
2.56281 1.30394e-06 
2.58794 9.28715e-07 
2.61307 6.79805e-07 
2.63819 5.01188e-07 
2.66332 3.8047e-07 
2.68844 2.71339e-07 
2.71357 1.7552e-07 
2.73869 1.17468e-07 
2.76382 8.98976e-08 
2.78894 3.75323e-08 
2.81407 4.84679e-08 
2.8392 4.39155e-08 
2.86432 1.53628e-08 
2.88945 3.52724e-08 
2.91457 1.10545e-09 
2.9397 4.39471e-09 
2.96482 -1.39395e-09 
2.98995 1.37913e-08 
3.01508 2.49197e-08 
3.0402 -3.4079e-09 
3.06533 7.48353e-09 
3.09045 6.14613e-09 
3.11558 -3.24743e-09 
3.1407 -6.63061e-09 
3.16583 -1.28712e-08 
3.19095 -2.24571e-08 
3.21608 3.59131e-09 
3.24121 9.82664e-09 
3.26633 -1.62772e-08 
3.29146 3.087e-08 
3.31658 -2.96784e-08 
3.34171 -6.36125e-09 
3.36683 -3.39449e-09 
3.39196 -9.79751e-09 
3.41709 4.23663e-08 
3.44221 2.2571e-08 
3.46734 -3.50084e-09 
3.49246 -1.76347e-08 
3.51759 -7.18288e-09 
3.54271 3.50734e-09 
3.56784 -5.3041e-10 
3.59296 2.28834e-08 
3.61809 -1.012e-08 
3.64322 -5.19995e-09 
3.66834 -5.44005e-09 
3.69347 -3.76391e-09 
3.71859 4.89206e-09 
3.74372 -5.12748e-09 
3.76884 9.75601e-10 
3.79397 -4.44898e-09 
3.8191 1.54823e-08 
3.84422 9.50457e-09 
3.86935 -3.03033e-09 
3.89447 -1.39412e-08 
3.9196 -3.03183e-09 
3.94472 2.80625e-09 
3.96985 -5.45755e-09 
3.99497 1.43861e-08 
4.0201 1.1253e-08 
4.04523 -2.90101e-09 
4.07035 -2.50949e-08 
4.09548 -2.29516e-08 
4.1206 1.33235e-08 
4.14573 5.75388e-09 
4.17085 -3.00689e-10 
4.19598 -6.32233e-10 
4.22111 -1.77048e-08 
4.24623 -2.33201e-08 
4.27136 2.27513e-09 
4.29648 -4.0686e-09 
4.32161 -1.64393e-08 
4.34673 1.08869e-08 
4.37186 1.7461e-09 
4.39698 -2.51868e-09 
4.42211 -2.80942e-09 
4.44724 -1.90139e-08 
4.47236 -1.19278e-08 
4.49749 8.22451e-09 
4.52261 3.93616e-09 
4.54774 -1.58802e-09 
4.57286 -6.44796e-09 
4.59799 -6.51427e-09 
4.62312 -2.22757e-08 
4.64824 1.73716e-08 
4.67337 1.02429e-08 
4.69849 -2.37084e-08 
4.72362 -7.07408e-09 
4.74874 2.1539e-09 
4.77387 5.02875e-09 
4.79899 1.4274e-08 
4.82412 -8.7628e-09 
4.84925 1.55561e-08 
4.87437 -6.84553e-09 
4.8995 -1.83535e-08 
4.92462 -2.00993e-09 
4.94975 8.04647e-09 
4.97487 2.08913e-08 
5 2.86195e-08 
