0 0 
0.0223214 0.00407695 
0.0446429 0.00824319 
0.0669643 0.012498 
0.0892857 0.0168406 
0.111607 0.0212702 
0.133929 0.0257859 
0.15625 0.0303868 
0.178571 0.0350719 
0.200893 0.0398403 
0.223214 0.0446909 
0.245536 0.0496227 
0.267857 0.0546346 
0.290179 0.0597253 
0.3125 0.0648937 
0.334821 0.0701386 
0.357143 0.0754587 
0.379464 0.0808527 
0.401786 0.0863191 
0.424107 0.0918568 
0.446429 0.0974641 
0.46875 0.10314 
0.491071 0.108882 
0.513393 0.114689 
0.535714 0.12056 
0.558036 0.126493 
0.580357 0.132486 
0.602679 0.138538 
0.625 0.144647 
0.647321 0.150811 
0.669643 0.157028 
0.691964 0.163297 
0.714286 0.169615 
0.736607 0.175981 
0.758929 0.182393 
0.78125 0.188849 
0.803571 0.195347 
0.825893 0.201884 
0.848214 0.208459 
0.870536 0.21507 
0.892857 0.221715 
0.915179 0.228391 
0.9375 0.235097 
0.959821 0.241829 
0.982143 0.248587 
1.00446 0.255367 
1.02679 0.262167 
1.04911 0.268986 
1.07143 0.27582 
1.09375 0.282669 
1.11607 0.289528 
1.13839 0.296396 
1.16071 0.30327 
1.18304 0.310149 
1.20536 0.317029 
1.22768 0.323908 
1.25 0.330784 
1.27232 0.337654 
1.29464 0.344516 
1.31696 0.351367 
1.33929 0.358205 
1.36161 0.365027 
1.38393 0.371831 
1.40625 0.378614 
1.42857 0.385374 
1.45089 0.392107 
1.47321 0.398813 
1.49554 0.405487 
1.51786 0.412128 
1.54018 0.418732 
1.5625 0.425298 
1.58482 0.431823 
1.60714 0.438303 
1.62946 0.444737 
1.65179 0.451123 
1.67411 0.457456 
1.69643 0.463736 
1.71875 0.469959 
1.74107 0.476122 
1.76339 0.482224 
1.78571 0.488261 
1.80804 0.494232 
1.83036 0.500133 
1.85268 0.505963 
1.875 0.511717 
1.89732 0.517396 
1.91964 0.522994 
1.94196 0.528511 
1.96429 0.533944 
1.98661 0.53929 
2.00893 0.544547 
2.03125 0.549713 
2.05357 0.554785 
2.07589 0.559761 
2.09821 0.564638 
2.12054 0.569415 
2.14286 0.574088 
2.16518 0.578657 
2.1875 0.583117 
2.20982 0.587469 
2.23214 0.591708 
2.25446 0.595833 
2.27679 0.599843 
2.29911 0.603734 
2.32143 0.607504 
2.34375 0.611153 
2.36607 0.614677 
2.38839 0.618076 
2.41071 0.621346 
2.43304 0.624486 
2.45536 0.627494 
2.47768 0.630369 
2.5 0.633109 
2.52232 0.635711 
2.54464 0.638175 
2.56696 0.640498 
2.58929 0.64268 
2.61161 0.644718 
2.63393 0.64661 
2.65625 0.648357 
2.67857 0.649955 
2.70089 0.651404 
2.72321 0.652702 
2.74554 0.653849 
2.76786 0.654842 
2.79018 0.655681 
2.8125 0.656364 
2.83482 0.656891 
2.85714 0.65726 
2.87946 0.657471 
2.90179 0.657522 
2.92411 0.657413 
2.94643 0.657142 
2.96875 0.65671 
2.99107 0.656114 
3.01339 0.655355 
3.03571 0.654433 
3.05804 0.653345 
3.08036 0.652093 
3.10268 0.650674 
3.125 0.64909 
3.14732 0.64734 
3.16964 0.645423 
3.19196 0.64334 
3.21429 0.641089 
3.23661 0.638671 
3.25893 0.636087 
3.28125 0.633335 
3.30357 0.630416 
3.32589 0.62733 
3.34821 0.624078 
3.37054 0.620659 
3.39286 0.617074 
3.41518 0.613323 
3.4375 0.609407 
3.45982 0.605325 
3.48214 0.60108 
3.50446 0.596671 
3.52679 0.592099 
3.54911 0.587364 
3.57143 0.582468 
3.59375 0.577411 
3.61607 0.572194 
3.63839 0.566818 
3.66071 0.561285 
3.68304 0.555594 
3.70536 0.549748 
3.72768 0.543748 
3.75 0.537594 
3.77232 0.531289 
3.79464 0.524833 
3.81696 0.518228 
3.83929 0.511475 
3.86161 0.504576 
3.88393 0.497533 
3.90625 0.490347 
3.92857 0.48302 
3.95089 0.475553 
3.97321 0.467949 
3.99554 0.460209 
4.01786 0.452336 
4.04018 0.44433 
4.0625 0.436195 
4.08482 0.427933 
4.10714 0.419545 
4.12946 0.411033 
4.15179 0.402401 
4.17411 0.393649 
4.19643 0.384781 
4.21875 0.375799 
4.24107 0.366706 
4.26339 0.357503 
4.28571 0.348194 
4.30804 0.33878 
4.33036 0.329265 
4.35268 0.319651 
4.375 0.309942 
4.39732 0.300138 
4.41964 0.290244 
4.44196 0.280263 
4.46429 0.270196 
4.48661 0.260048 
4.50893 0.24982 
4.53125 0.239516 
4.55357 0.22914 
4.57589 0.218693 
4.59821 0.208179 
4.62054 0.197602 
4.64286 0.186963 
4.66518 0.176267 
4.6875 0.165517 
4.70982 0.154716 
4.73214 0.143867 
4.75446 0.132973 
4.77679 0.122038 
4.79911 0.111065 
4.82143 0.100058 
4.84375 0.0890194 
4.86607 0.077953 
4.88839 0.0668623 
4.91071 0.0557507 
4.93304 0.0446216 
4.95536 0.0334785 
4.97768 0.0223248 
5 0.0111642 
