0 0 
0.0251256 0.0258311 
0.0502513 0.052245 
0.0753769 0.0791816 
0.100503 0.106579 
0.125628 0.134373 
0.150754 0.1625 
0.175879 0.190893 
0.201005 0.219486 
0.226131 0.248212 
0.251256 0.277003 
0.276382 0.305791 
0.301508 0.33451 
0.326633 0.363091 
0.351759 0.391468 
0.376884 0.419575 
0.40201 0.447349 
0.427136 0.474724 
0.452261 0.50164 
0.477387 0.528035 
0.502513 0.553853 
0.527638 0.579035 
0.552764 0.603529 
0.577889 0.627283 
0.603015 0.650247 
0.628141 0.672376 
0.653266 0.693625 
0.678392 0.713955 
0.703518 0.733328 
0.728643 0.751709 
0.753769 0.769069 
0.778894 0.785378 
0.80402 0.800612 
0.829146 0.814751 
0.854271 0.827777 
0.879397 0.839676 
0.904523 0.850437 
0.929648 0.860051 
0.954774 0.868516 
0.979899 0.875831 
1.00503 0.881997 
1.03015 0.88702 
1.05528 0.890908 
1.0804 0.893674 
1.10553 0.895331 
1.13065 0.895897 
1.15578 0.895391 
1.1809 0.893836 
1.20603 0.891256 
1.23116 0.887678 
1.25628 0.88313 
1.28141 0.877644 
1.30653 0.871252 
1.33166 0.863988 
1.35678 0.855887 
1.38191 0.846987 
1.40704 0.837326 
1.43216 0.826941 
1.45729 0.815874 
1.48241 0.804164 
1.50754 0.791852 
1.53266 0.778979 
1.55779 0.765588 
1.58291 0.751718 
1.60804 0.737411 
1.63317 0.722708 
1.65829 0.707651 
1.68342 0.692279 
1.70854 0.676631 
1.73367 0.660747 
1.75879 0.644665 
1.78392 0.628422 
1.80905 0.612054 
1.83417 0.595597 
1.8593 0.579083 
1.88442 0.562547 
1.90955 0.546019 
1.93467 0.52953 
1.9598 0.513108 
1.98492 0.496781 
2.01005 0.480576 
2.03518 0.464516 
2.0603 0.448625 
2.08543 0.432925 
2.11055 0.417435 
2.13568 0.402174 
2.1608 0.387161 
2.18593 0.37241 
2.21106 0.357935 
2.23618 0.343751 
2.26131 0.329868 
2.28643 0.316298 
2.31156 0.303048 
2.33668 0.290127 
2.36181 0.277542 
2.38693 0.265297 
2.41206 0.253396 
2.43719 0.241844 
2.46231 0.230642 
2.48744 0.21979 
2.51256 0.20929 
2.53769 0.199141 
2.56281 0.189341 
2.58794 0.179887 
2.61307 0.170777 
2.63819 0.162007 
2.66332 0.153573 
2.68844 0.145469 
2.71357 0.13769 
2.73869 0.130231 
2.76382 0.123085 
2.78894 0.116246 
2.81407 0.109705 
2.8392 0.103457 
2.86432 0.0974933 
2.88945 0.0918062 
2.91457 0.0863879 
2.9397 0.0812303 
2.96482 0.0763252 
2.98995 0.0716643 
3.01508 0.0672395 
3.0402 0.0630424 
3.06533 0.0590647 
3.09045 0.0552984 
3.11558 0.051735 
3.1407 0.0483666 
3.16583 0.0451852 
3.19095 0.042183 
3.21608 0.0393523 
3.24121 0.0366854 
3.26633 0.034175 
3.29146 0.0318138 
3.31658 0.0295948 
3.34171 0.0275112 
3.36683 0.0255562 
3.39196 0.0237234 
3.41709 0.0220066 
3.44221 0.0203997 
3.46734 0.0188969 
3.49246 0.0174925 
3.51759 0.0161812 
3.54271 0.0149577 
3.56784 0.0138171 
3.59296 0.0127546 
3.61809 0.0117656 
3.64322 0.0108457 
3.66834 0.00999083 
3.69347 0.00919694 
3.71859 0.00846029 
3.74372 0.00777724 
3.76884 0.00714437 
3.79397 0.0065585 
3.8191 0.00601649 
3.84422 0.00551549 
3.86935 0.00505268 
3.89447 0.00462554 
3.9196 0.0042316 
3.94472 0.00386851 
3.96985 0.00353413 
3.99497 0.00322646 
4.0201 0.00294354 
4.04523 0.00268352 
4.07035 0.00244483 
4.09548 0.00222577 
4.1206 0.00202497 
4.14573 0.00184096 
4.17085 0.00167253 
4.19598 0.00151841 
4.22111 0.00137753 
4.24623 0.00124877 
4.27136 0.00113125 
4.29648 0.00102401 
4.32161 0.000926254 
4.34673 0.000837173 
4.37186 0.000756042 
4.39698 0.000682222 
4.42211 0.000615064 
4.44724 0.00055403 
4.47236 0.000498539 
4.49749 0.000448158 
4.52261 0.000402424 
4.54774 0.000360917 
4.57286 0.000323221 
4.59799 0.000289029 
4.62312 0.000257989 
4.64824 0.000229815 
4.67337 0.000204151 
4.69849 0.000180873 
4.72362 0.000159686 
4.74874 0.000140349 
4.77387 0.000122654 
4.79899 0.000106427 
4.82412 9.15018e-05 
4.84925 7.76754e-05 
4.87437 6.48184e-05 
4.8995 5.28097e-05 
4.92462 4.14568e-05 
4.94975 3.0614e-05 
4.97487 2.01945e-05 
5 1.00154e-05 
