     0     0.27223527   -0.053419419      0.0000000 9.7895313E-312
     1     0.85881508    -0.71031321      0.0000000 9.7895313E-312
     2     0.97300393    -0.91109177      0.0000000      0.0000000
     3      1.0559757     -1.0715366      0.0000000      0.0000000
     4      1.0975189     -1.1547804      0.0000000      0.0000000
     5      1.1157830     -1.1897662      0.0000000      0.0000000
     6      1.1399981     -1.2375007      0.0000000      0.0000000
     7      1.1641609     -1.2871983      0.0000000      0.0000000
     8      1.1743983     -1.3067572      0.0000000      0.0000000
     9      1.1987450     -1.3582450      0.0000000      0.0000000
    10      1.2027164     -1.3640042      0.0000000      0.0000000
    11      1.2014366     -1.3569133      0.0000000      0.0000000
    12      1.2130469     -1.3799582      0.0000000      0.0000000
    13      1.2064578     -1.3611988      0.0000000      0.0000000
    14      1.2364530     -1.4280058      0.0000000      0.0000000
    15      1.2531452     -1.4642771      0.0000000      0.0000000
    16      1.2568042     -1.4688502      0.0000000      0.0000000
    17      1.2645987     -1.4841530      0.0000000      0.0000000
    18      1.2632980     -1.4776425      0.0000000      0.0000000
    19      1.2746078     -1.5014185      0.0000000      0.0000000
    20      1.2806578     -1.5132949      0.0000000      0.0000000
    21      1.2833376     -1.5165165      0.0000000      0.0000000
    22      1.2977071     -1.5480623      0.0000000      0.0000000
    23      1.3133250     -1.5837625      0.0000000      0.0000000
    24      1.3114791     -1.5766431      0.0000000      0.0000000
    25      1.3052632     -1.5592163      0.0000000      0.0000000
    26      1.3133360     -1.5767785      0.0000000      0.0000000
    27      1.3114390     -1.5697703      0.0000000      0.0000000
    28      1.3199768     -1.5891518      0.0000000      0.0000000
    29      1.3259941     -1.6022011      0.0000000      0.0000000
    30      1.3257654     -1.5970200      0.0000000      0.0000000
    31      1.3329384     -1.6113664      0.0000000      0.0000000
    32      1.3422036     -1.6326279      0.0000000      0.0000000
    33      1.3421929     -1.6307445      0.0000000      0.0000000
    34      1.3531941     -1.6565861      0.0000000      0.0000000
    35      1.3481228     -1.6411968      0.0000000      0.0000000
    36      1.3579711     -1.6632055      0.0000000      0.0000000
    37      1.3518485     -1.6451853      0.0000000      0.0000000
    38      1.3581957     -1.6582047      0.0000000      0.0000000
    39      1.3560816     -1.6503728      0.0000000      0.0000000
    40      1.3485067     -1.6289519      0.0000000      0.0000000
    41      1.3622386     -1.6613659      0.0000000      0.0000000
    42      1.3533069     -1.6381761      0.0000000      0.0000000
    43      1.3498397     -1.6276657      0.0000000      0.0000000
    44      1.3619264     -1.6544919      0.0000000      0.0000000
    45      1.3651178     -1.6606794      0.0000000      0.0000000
    46      1.3660984     -1.6611633      0.0000000      0.0000000
    47      1.3655805     -1.6582593      0.0000000      0.0000000
    48      1.3735357     -1.6761610      0.0000000      0.0000000
    49      1.3775780     -1.6844015      0.0000000      0.0000000
    50      1.3827924     -1.6964582      0.0000000      0.0000000
    51      1.3842358     -1.6966481      0.0000000      0.0000000
    52      1.3837632     -1.6927256      0.0000000      0.0000000
    53      1.3833834     -1.6897011      0.0000000      0.0000000
    54      1.3800324     -1.6784159      0.0000000      0.0000000
    55      1.3829787     -1.6833538      0.0000000      0.0000000
    56      1.3819658     -1.6780429      0.0000000      0.0000000
    57      1.3833511     -1.6797870      0.0000000      0.0000000
    58      1.3785633     -1.6666100      0.0000000      0.0000000
    59      1.3796219     -1.6681013      0.0000000      0.0000000
    60      1.3774453     -1.6603268      0.0000000      0.0000000
    61      1.3807508     -1.6662718      0.0000000      0.0000000
    62      1.3871127     -1.6807917      0.0000000      0.0000000
    63      1.3903720     -1.6882062      0.0000000      0.0000000
    64      1.3839420     -1.6709331      0.0000000      0.0000000
    65      1.3876075     -1.6776543      0.0000000      0.0000000
    66      1.3907806     -1.6840748      0.0000000      0.0000000
    67      1.3945207     -1.6901289      0.0000000      0.0000000
    68      1.4040858     -1.7123299      0.0000000      0.0000000
    69      1.4066379     -1.7172436      0.0000000      0.0000000
    70      1.4173372     -1.7430931      0.0000000      0.0000000
    71      1.4162642     -1.7390622      0.0000000      0.0000000
    72      1.4201820     -1.7471722      0.0000000      0.0000000
    73      1.4196477     -1.7442836      0.0000000      0.0000000
    74      1.4214825     -1.7478129      0.0000000      0.0000000
    75      1.4203548     -1.7426241      0.0000000      0.0000000
    76      1.4202466     -1.7408031      0.0000000      0.0000000
    77      1.4156929     -1.7272593      0.0000000      0.0000000
    78      1.4180253     -1.7309475      0.0000000      0.0000000
    79      1.4194608     -1.7336555      0.0000000      0.0000000
    80      1.4182688     -1.7281433      0.0000000      0.0000000
    81      1.4213387     -1.7343694      0.0000000      0.0000000
    82      1.4256445     -1.7432230      0.0000000      0.0000000
    83      1.4194494     -1.7280413      0.0000000      0.0000000
    84      1.4218347     -1.7343979      0.0000000      0.0000000
    85      1.4231742     -1.7362988      0.0000000      0.0000000
    86      1.4226682     -1.7347497      0.0000000      0.0000000
    87      1.4199252     -1.7260596      0.0000000      0.0000000
    88      1.4215199     -1.7286096      0.0000000      0.0000000
    89      1.4291512     -1.7466524      0.0000000      0.0000000
    90      1.4300733     -1.7468377      0.0000000      0.0000000
    91      1.4317055     -1.7489479      0.0000000      0.0000000
    92      1.4340356     -1.7530972      0.0000000      0.0000000
    93      1.4398771     -1.7644030      0.0000000      0.0000000
    94      1.4311602     -1.7389954      0.0000000      0.0000000
    95      1.4400466     -1.7599993      0.0000000      0.0000000
    96      1.4398489     -1.7592760      0.0000000      0.0000000
    97      1.4450454     -1.7697941      0.0000000      0.0000000
    98      1.4349945     -1.7450889      0.0000000      0.0000000
    99      1.4340190     -1.7410297      0.0000000      0.0000000
   100      1.4471559     -1.7721901      0.0000000      0.0000000
   101      1.4369864     -1.7439723      0.0000000      0.0000000
   102      1.4267511     -1.7170316      0.0000000      0.0000000
   103      1.4276408     -1.7180980      0.0000000      0.0000000
   104      1.4286589     -1.7186706      0.0000000      0.0000000
   105      1.4295468     -1.7174364      0.0000000      0.0000000
   106      1.4305452     -1.7198733      0.0000000      0.0000000
   107      1.4358370     -1.7315195      0.0000000      0.0000000
   108      1.4380012     -1.7356462      0.0000000      0.0000000
   109      1.4368148     -1.7311327      0.0000000      0.0000000
   110      1.4307042     -1.7145761      0.0000000      0.0000000
   111      1.4346508     -1.7222393      0.0000000      0.0000000
   112      1.4392134     -1.7313834      0.0000000      0.0000000
   113      1.4416441     -1.7360648      0.0000000      0.0000000
   114      1.4488514     -1.7531665      0.0000000      0.0000000
   115      1.4405120     -1.7317792      0.0000000      0.0000000
   116      1.4389785     -1.7256435      0.0000000      0.0000000
   117      1.4446898     -1.7399500      0.0000000      0.0000000
   118      1.4410378     -1.7274440      0.0000000      0.0000000
   119      1.4388747     -1.7205496      0.0000000      0.0000000
   120      1.4452942     -1.7343705      0.0000000      0.0000000
   121      1.4400413     -1.7192787      0.0000000      0.0000000
   122      1.4329807     -1.6999604      0.0000000      0.0000000
   123      1.4276220     -1.6849244      0.0000000      0.0000000
   124      1.4285636     -1.6859171      0.0000000      0.0000000
   125      1.4321436     -1.6935034      0.0000000      0.0000000
   126      1.4358110     -1.7021403      0.0000000      0.0000000
   127      1.4367401     -1.7013516      0.0000000      0.0000000
   128      1.4338084     -1.6919265      0.0000000      0.0000000
   129      1.4339893     -1.6909638      0.0000000      0.0000000
   130      1.4318824     -1.6841538      0.0000000      0.0000000
   131      1.4351103     -1.6917545      0.0000000      0.0000000
   132      1.4385566     -1.6997020      0.0000000      0.0000000
   133      1.4378636     -1.6968098      0.0000000      0.0000000
   134      1.4336858     -1.6857402      0.0000000      0.0000000
   135      1.4292081     -1.6741191      0.0000000      0.0000000
   136      1.4260686     -1.6645882      0.0000000      0.0000000
   137      1.4253703     -1.6614014      0.0000000      0.0000000
   138      1.4275807     -1.6664280      0.0000000      0.0000000
   139      1.4342710     -1.6810727      0.0000000      0.0000000
   140      1.4310705     -1.6724463      0.0000000      0.0000000
   141      1.4340037     -1.6788445      0.0000000      0.0000000
   142      1.4291240     -1.6649920      0.0000000      0.0000000
   143      1.4262064     -1.6551277      0.0000000      0.0000000
   144      1.4302226     -1.6640393      0.0000000      0.0000000
   145      1.4322976     -1.6696340      0.0000000      0.0000000
   146      1.4306482     -1.6641815      0.0000000      0.0000000
   147      1.4277584     -1.6553092      0.0000000      0.0000000
   148      1.4242006     -1.6436430      0.0000000      0.0000000
   149      1.4293249     -1.6553264      0.0000000      0.0000000
   150      1.4253588     -1.6442306      0.0000000      0.0000000
   151      1.4330000     -1.6610734      0.0000000      0.0000000
   152      1.4312292     -1.6555538      0.0000000      0.0000000
   153      1.4290356     -1.6492460      0.0000000      0.0000000
   154      1.4255777     -1.6394391      0.0000000      0.0000000
   155      1.4222303     -1.6295728      0.0000000      0.0000000
   156      1.4220253     -1.6286824      0.0000000      0.0000000
   157      1.4250715     -1.6347677      0.0000000      0.0000000
   158      1.4269289     -1.6381004      0.0000000      0.0000000
   159      1.4226479     -1.6256369      0.0000000      0.0000000
   160      1.4248621     -1.6297058      0.0000000      0.0000000
   161      1.4210731     -1.6190736      0.0000000      0.0000000
   162      1.4192264     -1.6145538      0.0000000      0.0000000
   163      1.4148000     -1.6030453      0.0000000      0.0000000
   164      1.4076962     -1.5857527      0.0000000      0.0000000
   165      1.4075155     -1.5839278      0.0000000      0.0000000
   166      1.4073499     -1.5823151      0.0000000      0.0000000
   167      1.4115822     -1.5914068      0.0000000      0.0000000
   168      1.4099357     -1.5866663      0.0000000      0.0000000
   169      1.4154644     -1.5976084      0.0000000      0.0000000
   170      1.4171707     -1.5999977      0.0000000      0.0000000
   171      1.4219870     -1.6122205      0.0000000      0.0000000
   172      1.4129486     -1.5885572      0.0000000      0.0000000
   173      1.4099860     -1.5804965      0.0000000      0.0000000
   174      1.4104890     -1.5793581      0.0000000      0.0000000
   175      1.4164577     -1.5916911      0.0000000      0.0000000
   176      1.4160939     -1.5897477      0.0000000      0.0000000
   177      1.4193693     -1.5951609      0.0000000      0.0000000
   178      1.4209103     -1.5982944      0.0000000      0.0000000
   179      1.4178845     -1.5916431      0.0000000      0.0000000
   180      1.4152282     -1.5845057      0.0000000      0.0000000
   181      1.4181306     -1.5916824      0.0000000      0.0000000
   182      1.4151193     -1.5826911      0.0000000      0.0000000
   183      1.4146822     -1.5804451      0.0000000      0.0000000
   184      1.4208653     -1.5931306      0.0000000      0.0000000
   185      1.4172967     -1.5835919      0.0000000      0.0000000
   186      1.4145984     -1.5755711      0.0000000      0.0000000
   187      1.4224323     -1.5913413      0.0000000      0.0000000
   188      1.4223314     -1.5894743      0.0000000      0.0000000
   189      1.4287651     -1.6051115      0.0000000      0.0000000
   190      1.4332926     -1.6137147      0.0000000      0.0000000
   191      1.4332178     -1.6125112      0.0000000      0.0000000
   192      1.4337650     -1.6137309      0.0000000      0.0000000
   193      1.4289826     -1.5998771      0.0000000      0.0000000
   194      1.4255031     -1.5909820      0.0000000      0.0000000
   195      1.4272691     -1.5942201      0.0000000      0.0000000
   196      1.4235783     -1.5829040      0.0000000      0.0000000
   197      1.4275458     -1.5918954      0.0000000      0.0000000
   198      1.4300968     -1.5969404      0.0000000      0.0000000
   199      1.4256555     -1.5857309      0.0000000      0.0000000
   200      1.4237815     -1.5792146      0.0000000      0.0000000
   201      1.4239298     -1.5778005      0.0000000      0.0000000
   202      1.4256784     -1.5801680      0.0000000      0.0000000
   203      1.4294176     -1.5889896      0.0000000      0.0000000
   204      1.4258442     -1.5800406      0.0000000      0.0000000
   205      1.4172693     -1.5574251      0.0000000      0.0000000
   206      1.4123586     -1.5444100      0.0000000      0.0000000
   207      1.4157800     -1.5523361      0.0000000      0.0000000
   208      1.4206110     -1.5635442      0.0000000      0.0000000
   209      1.4169643     -1.5539851      0.0000000      0.0000000
   210      1.4172044     -1.5548066      0.0000000      0.0000000
   211      1.4156371     -1.5494098      0.0000000      0.0000000
   212      1.4122157     -1.5409506      0.0000000      0.0000000
   213      1.4120907     -1.5389011      0.0000000      0.0000000
   214      1.4112035     -1.5358753      0.0000000      0.0000000
   215      1.4144458     -1.5417878      0.0000000      0.0000000
   216      1.4112896     -1.5328422      0.0000000      0.0000000
   217      1.4149905     -1.5407602      0.0000000      0.0000000
   218      1.4122337     -1.5346441      0.0000000      0.0000000
   219      1.4125425     -1.5339691      0.0000000      0.0000000
   220      1.4096443     -1.5252983      0.0000000      0.0000000
   221      1.4039366     -1.5094847      0.0000000      0.0000000
   222      1.4020193     -1.5035420      0.0000000      0.0000000
   223      1.4008445     -1.4981808      0.0000000      0.0000000
   224      1.3997240     -1.4947790      0.0000000      0.0000000
   225      1.3967564     -1.4866962      0.0000000      0.0000000
   226      1.4043606     -1.5017844      0.0000000      0.0000000
   227      1.4009097     -1.4927006      0.0000000      0.0000000
   228      1.4054123     -1.5018032      0.0000000      0.0000000
   229      1.4079246     -1.5065585      0.0000000      0.0000000
   230      1.4166962     -1.5256392      0.0000000      0.0000000
   231      1.4203485     -1.5331822      0.0000000      0.0000000
   232      1.4188469     -1.5278089      0.0000000      0.0000000
   233      1.4200666     -1.5305364      0.0000000      0.0000000
   234      1.4203217     -1.5301482      0.0000000      0.0000000
   235      1.4147563     -1.5161687      0.0000000      0.0000000
   236      1.4137661     -1.5125942      0.0000000      0.0000000
   237      1.4082344     -1.4987120      0.0000000      0.0000000
   238      1.4091134     -1.4996684      0.0000000      0.0000000
   239      1.4003175     -1.4778784      0.0000000      0.0000000
   240      1.3954346     -1.4624628      0.0000000      0.0000000
   241      1.3949947     -1.4589663      0.0000000      0.0000000
   242      1.3924022     -1.4538669      0.0000000      0.0000000
   243      1.3926844     -1.4519397      0.0000000      0.0000000
   244      1.3971636     -1.4609859      0.0000000      0.0000000
   245      1.3952352     -1.4543572      0.0000000      0.0000000
   246      1.3951539     -1.4510354      0.0000000      0.0000000
   247      1.4033687     -1.4685516      0.0000000      0.0000000
   248      1.4013446     -1.4620832      0.0000000      0.0000000
   249      1.4064974     -1.4743927      0.0000000      0.0000000
   250      1.4080181     -1.4782551      0.0000000      0.0000000
   251      1.4105076     -1.4810559      0.0000000      0.0000000
   252      1.4069285     -1.4739386      0.0000000      0.0000000
   253      1.4033337     -1.4647767      0.0000000      0.0000000
   254      1.4035363     -1.4636963      0.0000000      0.0000000
   255      1.4026558     -1.4606297      0.0000000      0.0000000
   256      1.4060050     -1.4667961      0.0000000      0.0000000
   257      1.4114178     -1.4774928      0.0000000      0.0000000
   258      1.4124807     -1.4785593      0.0000000      0.0000000
   259      1.4125614     -1.4784929      0.0000000      0.0000000
   260      1.4114624     -1.4753207      0.0000000      0.0000000
   261      1.4142550     -1.4773043      0.0000000      0.0000000
   262      1.4140808     -1.4762197      0.0000000      0.0000000
   263      1.4156808     -1.4782172      0.0000000      0.0000000
   264      1.4134095     -1.4739314      0.0000000      0.0000000
   265      1.4109765     -1.4659283      0.0000000      0.0000000
   266      1.4124363     -1.4682601      0.0000000      0.0000000
   267      1.4131336     -1.4685377      0.0000000      0.0000000
   268      1.4127540     -1.4672344      0.0000000      0.0000000
   269      1.4168927     -1.4760084      0.0000000      0.0000000
   270      1.4132912     -1.4664662      0.0000000      0.0000000
   271      1.4118053     -1.4646803      0.0000000      0.0000000
   272      1.4100781     -1.4601993      0.0000000      0.0000000
   273      1.4082216     -1.4556572      0.0000000      0.0000000
   274      1.4053156     -1.4465920      0.0000000      0.0000000
   275      1.4062166     -1.4486665      0.0000000      0.0000000
   276      1.4039457     -1.4439521      0.0000000      0.0000000
   277      1.4027582     -1.4412059      0.0000000      0.0000000
   278      1.4038282     -1.4421792      0.0000000      0.0000000
   279      1.4026494     -1.4384358      0.0000000      0.0000000
   280      1.3992149     -1.4317593      0.0000000      0.0000000
   281      1.3989173     -1.4291146      0.0000000      0.0000000
   282      1.4042436     -1.4385199      0.0000000      0.0000000
   283      1.4038101     -1.4354698      0.0000000      0.0000000
   284      1.4018911     -1.4326879      0.0000000      0.0000000
   285      1.4000870     -1.4277170      0.0000000      0.0000000
   286      1.4032916     -1.4330020      0.0000000      0.0000000
   287      1.3944500     -1.4107778      0.0000000      0.0000000
   288      1.3929993     -1.4067318      0.0000000      0.0000000
   289      1.3938946     -1.4097746      0.0000000      0.0000000
   290      1.4001089     -1.4218281      0.0000000      0.0000000
   291      1.4016455     -1.4228575      0.0000000      0.0000000
   292      1.3991073     -1.4168753      0.0000000      0.0000000
   293      1.4009906     -1.4218188      0.0000000      0.0000000
   294      1.3949620     -1.4070685      0.0000000      0.0000000
   295      1.3960237     -1.4094373      0.0000000      0.0000000
   296      1.3960440     -1.4100212      0.0000000      0.0000000
   297      1.3994350     -1.4170435      0.0000000      0.0000000
   298      1.3965098     -1.4081579      0.0000000      0.0000000
   299      1.3935906     -1.4003359      0.0000000      0.0000000
   300      1.3957553     -1.4025826      0.0000000      0.0000000
   301      1.3925021     -1.3933375      0.0000000      0.0000000
   302      1.3956679     -1.3986393      0.0000000      0.0000000
   303      1.3899155     -1.3840226      0.0000000      0.0000000
   304      1.3884856     -1.3815621      0.0000000      0.0000000
   305      1.3967637     -1.3976077      0.0000000      0.0000000
   306      1.3998580     -1.4042359      0.0000000      0.0000000
   307      1.3994798     -1.4042563      0.0000000      0.0000000
   308      1.3976015     -1.3995779      0.0000000      0.0000000
   309      1.3952142     -1.3952928      0.0000000      0.0000000
   310      1.3959295     -1.3963662      0.0000000      0.0000000
   311      1.3927006     -1.3879871      0.0000000      0.0000000
   312      1.3966112     -1.3954611      0.0000000      0.0000000
   313      1.3976992     -1.3974198      0.0000000      0.0000000
   314      1.3900060     -1.3796528      0.0000000      0.0000000
   315      1.3890964     -1.3747219      0.0000000      0.0000000
   316      1.3872742     -1.3701285      0.0000000      0.0000000
   317      1.3912039     -1.3766223      0.0000000      0.0000000
   318      1.3910347     -1.3761492      0.0000000      0.0000000
   319      1.3911611     -1.3774261      0.0000000      0.0000000
   320      1.3896843     -1.3747055      0.0000000      0.0000000
   321      1.3904753     -1.3765792      0.0000000      0.0000000
   322      1.3941392     -1.3819605      0.0000000      0.0000000
   323      1.3950378     -1.3855997      0.0000000      0.0000000
   324      1.3908010     -1.3753467      0.0000000      0.0000000
   325      1.3952037     -1.3847467      0.0000000      0.0000000
   326      1.3916940     -1.3740628      0.0000000      0.0000000
   327      1.3956899     -1.3822115      0.0000000      0.0000000
   328      1.4042624     -1.4005057      0.0000000      0.0000000
   329      1.4024957     -1.3965870      0.0000000      0.0000000
   330      1.4082279     -1.4103469      0.0000000      0.0000000
   331      1.4074475     -1.4090350      0.0000000      0.0000000
   332      1.4047240     -1.4029839      0.0000000      0.0000000
   333      1.4015682     -1.3975889      0.0000000      0.0000000
   334      1.4047447     -1.4050593      0.0000000      0.0000000
   335      1.4047650     -1.4028411      0.0000000      0.0000000
   336      1.4025937     -1.3978142      0.0000000      0.0000000
   337      1.4041320     -1.4016398      0.0000000      0.0000000
   338      1.4042728     -1.4011340      0.0000000      0.0000000
   339      1.4039015     -1.3993806      0.0000000      0.0000000
   340      1.4079688     -1.4087005      0.0000000      0.0000000
   341      1.4142415     -1.4228285      0.0000000      0.0000000
   342      1.4179633     -1.4294685      0.0000000      0.0000000
   343      1.4187728     -1.4304241      0.0000000      0.0000000
   344      1.4193590     -1.4306279      0.0000000      0.0000000
   345      1.4127638     -1.4158966      0.0000000      0.0000000
   346      1.4195458     -1.4289954      0.0000000      0.0000000
   347      1.4173592     -1.4237157      0.0000000      0.0000000
   348      1.4187510     -1.4270615      0.0000000      0.0000000
   349      1.4174971     -1.4232503      0.0000000      0.0000000
   350      1.4167367     -1.4224486      0.0000000      0.0000000
   351      1.4151754     -1.4198074      0.0000000      0.0000000
   352      1.4194466     -1.4294317      0.0000000      0.0000000
   353      1.4187956     -1.4304052      0.0000000      0.0000000
   354      1.4168893     -1.4249313      0.0000000      0.0000000
   355      1.4201837     -1.4310651      0.0000000      0.0000000
   356      1.4233326     -1.4364740      0.0000000      0.0000000
   357      1.4251209     -1.4399787      0.0000000      0.0000000
   358      1.4228577     -1.4345277      0.0000000      0.0000000
   359      1.4163344     -1.4192176      0.0000000      0.0000000
   360      1.4191608     -1.4247828      0.0000000      0.0000000
   361      1.4219727     -1.4307695      0.0000000      0.0000000
   362      1.4181695     -1.4215207      0.0000000      0.0000000
   363      1.4185132     -1.4208637      0.0000000      0.0000000
   364      1.4211888     -1.4249472      0.0000000      0.0000000
   365      1.4153373     -1.4123264      0.0000000      0.0000000
   366      1.4131499     -1.4074116      0.0000000      0.0000000
   367      1.4125367     -1.4062456      0.0000000      0.0000000
   368      1.4099036     -1.3996805      0.0000000      0.0000000
   369      1.4092093     -1.3969657      0.0000000      0.0000000
   370      1.4149192     -1.4084694      0.0000000      0.0000000
   371      1.4121530     -1.4020411      0.0000000      0.0000000
   372      1.4114613     -1.3983236      0.0000000      0.0000000
   373      1.4133876     -1.4016438      0.0000000      0.0000000
   374      1.4136134     -1.3993599      0.0000000      0.0000000
   375      1.4123953     -1.3967304      0.0000000      0.0000000
   376      1.4158022     -1.4024138      0.0000000      0.0000000
   377      1.4173021     -1.4046791      0.0000000      0.0000000
   378      1.4180701     -1.4039606      0.0000000      0.0000000
   379      1.4191870     -1.4045164      0.0000000      0.0000000
   380      1.4173892     -1.4028106      0.0000000      0.0000000
   381      1.4181430     -1.4038683      0.0000000      0.0000000
   382      1.4130556     -1.3906049      0.0000000      0.0000000
   383      1.4129047     -1.3871871      0.0000000      0.0000000
   384      1.4080846     -1.3751080      0.0000000      0.0000000
   385      1.4077828     -1.3737048      0.0000000      0.0000000
   386      1.4192108     -1.3977004      0.0000000      0.0000000
   387      1.4193565     -1.3937189      0.0000000      0.0000000
   388      1.4130264     -1.3788830      0.0000000      0.0000000
   389      1.4184137     -1.3886810      0.0000000      0.0000000
   390      1.4208611     -1.3955958      0.0000000      0.0000000
   391      1.4196705     -1.3898415      0.0000000      0.0000000
   392      1.4205898     -1.3920309      0.0000000      0.0000000
   393      1.4232991     -1.3965542      0.0000000      0.0000000
   394      1.4286177     -1.4078120      0.0000000      0.0000000
   395      1.4308030     -1.4113887      0.0000000      0.0000000
   396      1.4318796     -1.4140421      0.0000000      0.0000000
   397      1.4325956     -1.4136469      0.0000000      0.0000000
   398      1.4331678     -1.4144223      0.0000000      0.0000000
   399      1.4392179     -1.4257444      0.0000000      0.0000000
   400      1.4434668     -1.4345264      0.0000000      0.0000000
   401      1.4444981     -1.4363699      0.0000000      0.0000000
   402      1.4468548     -1.4420212      0.0000000      0.0000000
   403      1.4469397     -1.4412279      0.0000000      0.0000000
   404      1.4450279     -1.4370707      0.0000000      0.0000000
   405      1.4482674     -1.4425994      0.0000000      0.0000000
   406      1.4475837     -1.4399050      0.0000000      0.0000000
   407      1.4465123     -1.4382560      0.0000000      0.0000000
   408      1.4445155     -1.4309479      0.0000000      0.0000000
   409      1.4461100     -1.4341807      0.0000000      0.0000000
   410      1.4416645     -1.4228872      0.0000000      0.0000000
   411      1.4413580     -1.4195606      0.0000000      0.0000000
   412      1.4432888     -1.4248885      0.0000000      0.0000000
   413      1.4432043     -1.4236219      0.0000000      0.0000000
   414      1.4408613     -1.4185349      0.0000000      0.0000000
   415      1.4478774     -1.4341604      0.0000000      0.0000000
   416      1.4468841     -1.4308916      0.0000000      0.0000000
   417      1.4471632     -1.4303535      0.0000000      0.0000000
   418      1.4440490     -1.4226397      0.0000000      0.0000000
   419      1.4430715     -1.4198142      0.0000000      0.0000000
   420      1.4400173     -1.4125290      0.0000000      0.0000000
   421      1.4436990     -1.4215494      0.0000000      0.0000000
   422      1.4439349     -1.4222978      0.0000000      0.0000000
   423      1.4459662     -1.4285494      0.0000000      0.0000000
   424      1.4433209     -1.4226105      0.0000000      0.0000000
   425      1.4429728     -1.4187771      0.0000000      0.0000000
   426      1.4458082     -1.4259835      0.0000000      0.0000000
   427      1.4424455     -1.4173156      0.0000000      0.0000000
   428      1.4414492     -1.4137463      0.0000000      0.0000000
   429      1.4408212     -1.4107771      0.0000000      0.0000000
   430      1.4402646     -1.4093381      0.0000000      0.0000000
   431      1.4356666     -1.4006637      0.0000000      0.0000000
   432      1.4384337     -1.4084929      0.0000000      0.0000000
   433      1.4373684     -1.4052627      0.0000000      0.0000000
   434      1.4329900     -1.3933259      0.0000000      0.0000000
   435      1.4317348     -1.3907892      0.0000000      0.0000000
   436      1.4345845     -1.3972276      0.0000000      0.0000000
   437      1.4340010     -1.3930032      0.0000000      0.0000000
   438      1.4355012     -1.3962094      0.0000000      0.0000000
   439      1.4342981     -1.3935510      0.0000000      0.0000000
   440      1.4318365     -1.3860236      0.0000000      0.0000000
   441      1.4346910     -1.3886752      0.0000000      0.0000000
   442      1.4356099     -1.3909836      0.0000000      0.0000000
   443      1.4409934     -1.4008915      0.0000000      0.0000000
   444      1.4355101     -1.3898556      0.0000000      0.0000000
   445      1.4336693     -1.3862031      0.0000000      0.0000000
   446      1.4303277     -1.3782585      0.0000000      0.0000000
   447      1.4274509     -1.3706040      0.0000000      0.0000000
   448      1.4241463     -1.3626936      0.0000000      0.0000000
   449      1.4213141     -1.3571931      0.0000000      0.0000000
   450      1.4255545     -1.3641755      0.0000000      0.0000000
   451      1.4268446     -1.3659630      0.0000000      0.0000000
   452      1.4276697     -1.3677019      0.0000000      0.0000000
   453      1.4298890     -1.3733711      0.0000000      0.0000000
   454      1.4236304     -1.3600934      0.0000000      0.0000000
   455      1.4237329     -1.3594165      0.0000000      0.0000000
   456      1.4260237     -1.3624284      0.0000000      0.0000000
   457      1.4190468     -1.3491710      0.0000000      0.0000000
   458      1.4168228     -1.3440035      0.0000000      0.0000000
   459      1.4177808     -1.3464056      0.0000000      0.0000000
   460      1.4137029     -1.3375781      0.0000000      0.0000000
   461      1.4099391     -1.3284956      0.0000000      0.0000000
   462      1.4079223     -1.3226514      0.0000000      0.0000000
   463      1.4043834     -1.3146660      0.0000000      0.0000000
   464      1.4014797     -1.3071693      0.0000000      0.0000000
   465      1.4013674     -1.3033799      0.0000000      0.0000000
   466      1.3990806     -1.2953652      0.0000000      0.0000000
   467      1.3962481     -1.2911511      0.0000000      0.0000000
   468      1.3938841     -1.2844811      0.0000000      0.0000000
   469      1.3942602     -1.2840644      0.0000000      0.0000000
   470      1.3945352     -1.2823070      0.0000000      0.0000000
   471      1.3887453     -1.2712789      0.0000000      0.0000000
   472      1.3899115     -1.2724166      0.0000000      0.0000000
   473      1.3881427     -1.2681901      0.0000000      0.0000000
   474      1.3868823     -1.2629266      0.0000000      0.0000000
   475      1.3856149     -1.2584982      0.0000000      0.0000000
   476      1.3876120     -1.2627964      0.0000000      0.0000000
   477      1.3924083     -1.2725130      0.0000000      0.0000000
   478      1.3951183     -1.2766038      0.0000000      0.0000000
   479      1.3949408     -1.2750193      0.0000000      0.0000000
   480      1.3987191     -1.2827589      0.0000000      0.0000000
   481      1.3922535     -1.2703944      0.0000000      0.0000000
   482      1.3896516     -1.2672163      0.0000000      0.0000000
   483      1.3863540     -1.2607957      0.0000000      0.0000000
   484      1.3844479     -1.2567726      0.0000000      0.0000000
   485      1.3788452     -1.2456129      0.0000000      0.0000000
   486      1.3850496     -1.2572394      0.0000000      0.0000000
   487      1.3857036     -1.2606050      0.0000000      0.0000000
   488      1.3824123     -1.2537289      0.0000000      0.0000000
   489      1.3818888     -1.2541938      0.0000000      0.0000000
   490      1.3823575     -1.2580979      0.0000000      0.0000000
   491      1.3743454     -1.2405443      0.0000000      0.0000000
   492      1.3682833     -1.2268369      0.0000000      0.0000000
   493      1.3714440     -1.2317127      0.0000000      0.0000000
   494      1.3716591     -1.2317237      0.0000000      0.0000000
   495      1.3733854     -1.2326419      0.0000000      0.0000000
   496      1.3753914     -1.2359198      0.0000000      0.0000000
   497      1.3726595     -1.2321193      0.0000000      0.0000000
   498      1.3662803     -1.2190742      0.0000000      0.0000000
   499      1.3665530     -1.2196489      0.0000000      0.0000000
   500      1.3712988     -1.2286072      0.0000000      0.0000000
   501      1.3730228     -1.2329927      0.0000000      0.0000000
   502      1.3723632     -1.2321898      0.0000000      0.0000000
   503      1.3723883     -1.2295634      0.0000000      0.0000000
   504      1.3746313     -1.2328462      0.0000000      0.0000000
   505      1.3764580     -1.2352385      0.0000000      0.0000000
   506      1.3720142     -1.2239396      0.0000000      0.0000000
   507      1.3777465     -1.2347860      0.0000000      0.0000000
   508      1.3768941     -1.2319625      0.0000000      0.0000000
   509      1.3750785     -1.2299057      0.0000000      0.0000000
   510      1.3783542     -1.2367543      0.0000000      0.0000000
   511      1.3788904     -1.2350723      0.0000000      0.0000000
   512      1.3752960     -1.2278534      0.0000000      0.0000000
   513      1.3705930     -1.2171392      0.0000000      0.0000000
   514      1.3696406     -1.2155296      0.0000000      0.0000000
   515      1.3708978     -1.2194003      0.0000000      0.0000000
   516      1.3585798     -1.1943125      0.0000000      0.0000000
   517      1.3549601     -1.1869292      0.0000000      0.0000000
   518      1.3554844     -1.1888593      0.0000000      0.0000000
   519      1.3567719     -1.1900827      0.0000000      0.0000000
   520      1.3555401     -1.1871398      0.0000000      0.0000000
   521      1.3580431     -1.1916093      0.0000000      0.0000000
   522      1.3599893     -1.1966344      0.0000000      0.0000000
   523      1.3599362     -1.1955246      0.0000000      0.0000000
   524      1.3594037     -1.1932027      0.0000000      0.0000000
   525      1.3560497     -1.1863436      0.0000000      0.0000000
   526      1.3579259     -1.1894433      0.0000000      0.0000000
   527      1.3665549     -1.2088772      0.0000000      0.0000000
   528      1.3707677     -1.2174963      0.0000000      0.0000000
   529      1.3706495     -1.2181177      0.0000000      0.0000000
   530      1.3710823     -1.2169529      0.0000000      0.0000000
   531      1.3656484     -1.2054984      0.0000000      0.0000000
   532      1.3543897     -1.1858166      0.0000000      0.0000000
   533      1.3547524     -1.1840816      0.0000000      0.0000000
   534      1.3498688     -1.1745261      0.0000000      0.0000000
   535      1.3505675     -1.1779796      0.0000000      0.0000000
   536      1.3497808     -1.1753217      0.0000000      0.0000000
   537      1.3506859     -1.1759467      0.0000000      0.0000000
   538      1.3480195     -1.1690942      0.0000000      0.0000000
   539      1.3491766     -1.1698581      0.0000000      0.0000000
   540      1.3548256     -1.1818339      0.0000000      0.0000000
   541      1.3518075     -1.1739702      0.0000000      0.0000000
   542      1.3516472     -1.1726908      0.0000000      0.0000000
   543      1.3437616     -1.1569440      0.0000000      0.0000000
   544      1.3380018     -1.1440547      0.0000000      0.0000000
   545      1.3343200     -1.1374801      0.0000000      0.0000000
   546      1.3381152     -1.1440162      0.0000000      0.0000000
   547      1.3327135     -1.1342710      0.0000000      0.0000000
   548      1.3317088     -1.1300433      0.0000000      0.0000000
   549      1.3287211     -1.1226326      0.0000000      0.0000000
   550      1.3253552     -1.1151714      0.0000000      0.0000000
   551      1.3250269     -1.1136087      0.0000000      0.0000000
   552      1.3292293     -1.1207420      0.0000000      0.0000000
   553      1.3308951     -1.1223114      0.0000000      0.0000000
   554      1.3345149     -1.1272360      0.0000000      0.0000000
   555      1.3318397     -1.1214038      0.0000000      0.0000000
   556      1.3335964     -1.1237719      0.0000000      0.0000000
   557      1.3347588     -1.1269189      0.0000000      0.0000000
   558      1.3316547     -1.1181327      0.0000000      0.0000000
   559      1.3262868     -1.1073905      0.0000000      0.0000000
   560      1.3260247     -1.1051587      0.0000000      0.0000000
   561      1.3219947     -1.1001091      0.0000000      0.0000000
   562      1.3252383     -1.1051623      0.0000000      0.0000000
   563      1.3233312     -1.1003855      0.0000000      0.0000000
   564      1.3266174     -1.1051243      0.0000000      0.0000000
   565      1.3240875     -1.1019988      0.0000000      0.0000000
   566      1.3277891     -1.1096678      0.0000000      0.0000000
   567      1.3310405     -1.1171513      0.0000000      0.0000000
   568      1.3267414     -1.1084718      0.0000000      0.0000000
   569      1.3281695     -1.1124162      0.0000000      0.0000000
   570      1.3198824     -1.0955075      0.0000000      0.0000000
   571      1.3083972     -1.0783077      0.0000000      0.0000000
   572      1.3095148     -1.0793230      0.0000000      0.0000000
   573      1.3113169     -1.0827318      0.0000000      0.0000000
   574      1.3075155     -1.0737478      0.0000000      0.0000000
   575      1.3102836     -1.0772275      0.0000000      0.0000000
   576      1.3117484     -1.0798013      0.0000000      0.0000000
   577      1.3131143     -1.0816360      0.0000000      0.0000000
   578      1.3122447     -1.0803690      0.0000000      0.0000000
   579      1.3128353     -1.0813016      0.0000000      0.0000000
   580      1.3057594     -1.0679326      0.0000000      0.0000000
   581      1.3058422     -1.0654677      0.0000000      0.0000000
   582      1.3092033     -1.0714461      0.0000000      0.0000000
   583      1.3105622     -1.0720024      0.0000000      0.0000000
   584      1.3090484     -1.0677521      0.0000000      0.0000000
   585      1.3109782     -1.0717159      0.0000000      0.0000000
   586      1.3115430     -1.0713574      0.0000000      0.0000000
   587      1.3161759     -1.0798348      0.0000000      0.0000000
   588      1.3153541     -1.0783074      0.0000000      0.0000000
   589      1.3173997     -1.0808289      0.0000000      0.0000000
   590      1.3180578     -1.0813924      0.0000000      0.0000000
   591      1.3170790     -1.0778471      0.0000000      0.0000000
   592      1.3168312     -1.0776790      0.0000000      0.0000000
   593      1.3110333     -1.0662222      0.0000000      0.0000000
   594      1.3107609     -1.0646245      0.0000000      0.0000000
   595      1.3071331     -1.0570079      0.0000000      0.0000000
   596      1.3105532     -1.0616993      0.0000000      0.0000000
   597      1.2980277     -1.0402678      0.0000000      0.0000000
   598      1.2948427     -1.0336367      0.0000000      0.0000000
   599      1.2933006     -1.0308210      0.0000000      0.0000000
   600      1.2995767     -1.0409445      0.0000000      0.0000000
   601      1.2988795     -1.0388491      0.0000000      0.0000000
   602      1.2969643     -1.0342485      0.0000000      0.0000000
   603      1.2961950     -1.0326319      0.0000000      0.0000000
   604      1.2908872     -1.0252382      0.0000000      0.0000000
   605      1.2956006     -1.0318097      0.0000000      0.0000000
   606      1.2926028     -1.0271399      0.0000000      0.0000000
   607      1.2911139     -1.0226982      0.0000000      0.0000000
   608      1.2931010     -1.0247009      0.0000000      0.0000000
   609      1.2966367     -1.0287082      0.0000000      0.0000000
   610      1.2929342     -1.0188586      0.0000000      0.0000000
   611      1.2948012     -1.0212589      0.0000000      0.0000000
   612      1.2922604     -1.0176521      0.0000000      0.0000000
   613      1.2934950     -1.0170086      0.0000000      0.0000000
   614      1.2913575     -1.0102153      0.0000000      0.0000000
   615      1.2873569     -1.0036036      0.0000000      0.0000000
   616      1.2868221     -1.0011800      0.0000000      0.0000000
   617      1.2842746    -0.99596128      0.0000000      0.0000000
   618      1.2826843    -0.99483132      0.0000000      0.0000000
   619      1.2823125    -0.99384616      0.0000000      0.0000000
   620      1.2767001    -0.98233273      0.0000000      0.0000000
   621      1.2700433    -0.97040459      0.0000000      0.0000000
   622      1.2724843    -0.97304747      0.0000000      0.0000000
   623      1.2707418    -0.96813219      0.0000000      0.0000000
   624      1.2653092    -0.95959038      0.0000000      0.0000000
   625      1.2658322    -0.95938301      0.0000000      0.0000000
   626      1.2660423    -0.95748140      0.0000000      0.0000000
   627      1.2514489    -0.93690813      0.0000000      0.0000000
   628      1.2520406    -0.93787285      0.0000000      0.0000000
   629      1.2502475    -0.93263914      0.0000000      0.0000000
   630      1.2540722    -0.93898242      0.0000000      0.0000000
   631      1.2490792    -0.93268721      0.0000000      0.0000000
   632      1.2464061    -0.92715670      0.0000000      0.0000000
   633      1.2452735    -0.92371913      0.0000000      0.0000000
   634      1.2453990    -0.92297753      0.0000000      0.0000000
   635      1.2444943    -0.92301335      0.0000000      0.0000000
   636      1.2457797    -0.92394420      0.0000000      0.0000000
   637      1.2477539    -0.92822270      0.0000000      0.0000000
   638      1.2483123    -0.92928074      0.0000000      0.0000000
   639      1.2351859    -0.91084855      0.0000000      0.0000000
   640      1.2325806    -0.90487192      0.0000000      0.0000000
   641      1.2367259    -0.90931268      0.0000000      0.0000000
   642      1.2360901    -0.90703324      0.0000000      0.0000000
   643      1.2330655    -0.90198634      0.0000000      0.0000000
   644      1.2336530    -0.90254192      0.0000000      0.0000000
   645      1.2349970    -0.90524725      0.0000000      0.0000000
   646      1.2373933    -0.90917461      0.0000000      0.0000000
   647      1.2390043    -0.91171954      0.0000000      0.0000000
   648      1.2394971    -0.91192430      0.0000000      0.0000000
   649      1.2404128    -0.91252408      0.0000000      0.0000000
   650      1.2437247    -0.91807218      0.0000000      0.0000000
   651      1.2435354    -0.91709631      0.0000000      0.0000000
   652      1.2443995    -0.91868627      0.0000000      0.0000000
   653      1.2423918    -0.91462001      0.0000000      0.0000000
   654      1.2444187    -0.91692491      0.0000000      0.0000000
   655      1.2289952    -0.89254908      0.0000000      0.0000000
   656      1.2231981    -0.88044975      0.0000000      0.0000000
   657      1.2240769    -0.87927388      0.0000000      0.0000000
   658      1.2124947    -0.86273136      0.0000000      0.0000000
   659      1.2146948    -0.86376566      0.0000000      0.0000000
   660      1.2147826    -0.86114480      0.0000000      0.0000000
   661      1.2135941    -0.85723569      0.0000000      0.0000000
   662      1.2179117    -0.86315552      0.0000000      0.0000000
   663      1.2162855    -0.86028856      0.0000000      0.0000000
   664      1.2181852    -0.86257376      0.0000000      0.0000000
   665      1.2158550    -0.85714656      0.0000000      0.0000000
   666      1.2119130    -0.85136731      0.0000000      0.0000000
   667      1.2140062    -0.85447562      0.0000000      0.0000000
   668      1.2143563    -0.85559469      0.0000000      0.0000000
   669      1.2164821    -0.85891369      0.0000000      0.0000000
   670      1.2193627    -0.86448050      0.0000000      0.0000000
   671      1.2197366    -0.86263084      0.0000000      0.0000000
   672      1.2176429    -0.85963184      0.0000000      0.0000000
   673      1.2142367    -0.85332470      0.0000000      0.0000000
   674      1.2225317    -0.86600175      0.0000000      0.0000000
   675      1.2251331    -0.87082382      0.0000000      0.0000000
   676      1.2154491    -0.85444659      0.0000000      0.0000000
   677      1.2194536    -0.86284087      0.0000000      0.0000000
   678      1.2266326    -0.87431891      0.0000000      0.0000000
   679      1.2285782    -0.87881588      0.0000000      0.0000000
   680      1.2314043    -0.88587582      0.0000000      0.0000000
   681      1.2307367    -0.88478449      0.0000000      0.0000000
   682      1.2321443    -0.88737292      0.0000000      0.0000000
   683      1.2302259    -0.88409180      0.0000000      0.0000000
   684      1.2294941    -0.88285887      0.0000000      0.0000000
   685      1.2303884    -0.88489054      0.0000000      0.0000000
   686      1.2256281    -0.87689961      0.0000000      0.0000000
   687      1.2208544    -0.86923401      0.0000000      0.0000000
   688      1.2229179    -0.87143284      0.0000000      0.0000000
   689      1.2191612    -0.86495413      0.0000000      0.0000000
   690      1.2170297    -0.86067218      0.0000000      0.0000000
   691      1.2146290    -0.85687774      0.0000000      0.0000000
   692      1.2076289    -0.84611600      0.0000000      0.0000000
   693      1.2087445    -0.84652716      0.0000000      0.0000000
   694      1.2073264    -0.84223485      0.0000000      0.0000000
   695      1.2065668    -0.83997158      0.0000000      0.0000000
   696      1.2048112    -0.83657676      0.0000000      0.0000000
   697      1.2063949    -0.84069633      0.0000000      0.0000000
   698      1.1997117    -0.82905396      0.0000000      0.0000000
   699      1.2016035    -0.83173547      0.0000000      0.0000000
   700      1.1980912    -0.82751794      0.0000000      0.0000000
   701      1.2035512    -0.83562572      0.0000000      0.0000000
   702      1.2018256    -0.83115885      0.0000000      0.0000000
   703      1.2030906    -0.83420226      0.0000000      0.0000000
   704      1.2050179    -0.83643791      0.0000000      0.0000000
   705      1.2022278    -0.83185228      0.0000000      0.0000000
   706      1.2007144    -0.83009412      0.0000000      0.0000000
   707      1.2023432    -0.83102699      0.0000000      0.0000000
   708      1.2033764    -0.83243945      0.0000000      0.0000000
   709      1.2000665    -0.82594596      0.0000000      0.0000000
   710      1.1986771    -0.82356631      0.0000000      0.0000000
   711      1.2002803    -0.82600357      0.0000000      0.0000000
   712      1.2054504    -0.83364701      0.0000000      0.0000000
   713      1.2008894    -0.82809591      0.0000000      0.0000000
   714      1.2047153    -0.83367553      0.0000000      0.0000000
   715      1.2025686    -0.83025856      0.0000000      0.0000000
   716      1.2030997    -0.83087435      0.0000000      0.0000000
   717      1.2055863    -0.83367297      0.0000000      0.0000000
   718      1.2015430    -0.82748222      0.0000000      0.0000000
   719      1.2020796    -0.82749767      0.0000000      0.0000000
   720      1.2014638    -0.82522546      0.0000000      0.0000000
   721      1.1988945    -0.81941120      0.0000000      0.0000000
   722      1.1977807    -0.81581079      0.0000000      0.0000000
   723      1.2029169    -0.82473642      0.0000000      0.0000000
   724      1.2020437    -0.82230206      0.0000000      0.0000000
   725      1.2007365    -0.81872670      0.0000000      0.0000000
   726      1.1963654    -0.81222202      0.0000000      0.0000000
   727      1.1907041    -0.80244472      0.0000000      0.0000000
   728      1.1865080    -0.79699660      0.0000000      0.0000000
   729      1.1880223    -0.80012795      0.0000000      0.0000000
   730      1.1899804    -0.80277615      0.0000000      0.0000000
   731      1.1859800    -0.79485278      0.0000000      0.0000000
   732      1.1841697    -0.78962583      0.0000000      0.0000000
   733      1.1845670    -0.79014533      0.0000000      0.0000000
   734      1.1814760    -0.78465947      0.0000000      0.0000000
   735      1.1783355    -0.77942211      0.0000000      0.0000000
   736      1.1760508    -0.77399027      0.0000000      0.0000000
   737      1.1776781    -0.77658247      0.0000000      0.0000000
   738      1.1772052    -0.77640133      0.0000000      0.0000000
   739      1.1746240    -0.77274729      0.0000000      0.0000000
   740      1.1751998    -0.77392547      0.0000000      0.0000000
   741      1.1681475    -0.76291000      0.0000000      0.0000000
   742      1.1669362    -0.76109603      0.0000000      0.0000000
   743      1.1715990    -0.76753911      0.0000000      0.0000000
   744      1.1710229    -0.76585269      0.0000000      0.0000000
   745      1.1689997    -0.76340470      0.0000000      0.0000000
   746      1.1695510    -0.76281502      0.0000000      0.0000000
   747      1.1757098    -0.77326121      0.0000000      0.0000000
   748      1.1752106    -0.77309223      0.0000000      0.0000000
   749      1.1753223    -0.77337322      0.0000000      0.0000000
   750      1.1731457    -0.77070406      0.0000000      0.0000000
   751      1.1735225    -0.77123481      0.0000000      0.0000000
   752      1.1690324    -0.76377842      0.0000000      0.0000000
   753      1.1690332    -0.76249124      0.0000000      0.0000000
   754      1.1734925    -0.76884991      0.0000000      0.0000000
   755      1.1713856    -0.76583886      0.0000000      0.0000000
   756      1.1726163    -0.76799440      0.0000000      0.0000000
   757      1.1751808    -0.77181795      0.0000000      0.0000000
   758      1.1791684    -0.77925983      0.0000000      0.0000000
   759      1.1807262    -0.78151788      0.0000000      0.0000000
   760      1.1762872    -0.77548141      0.0000000      0.0000000
   761      1.1802640    -0.77986134      0.0000000      0.0000000
   762      1.1809888    -0.77916470      0.0000000      0.0000000
   763      1.1835795    -0.78238718      0.0000000      0.0000000
   764      1.1788598    -0.77425037      0.0000000      0.0000000
   765      1.1807113    -0.77513313      0.0000000      0.0000000
   766      1.1775507    -0.76937777      0.0000000      0.0000000
   767      1.1793184    -0.77109629      0.0000000      0.0000000
   768      1.1818563    -0.77373207      0.0000000      0.0000000
   769      1.1867618    -0.78201150      0.0000000      0.0000000
   770      1.1797206    -0.77264730      0.0000000      0.0000000
   771      1.1765607    -0.76882543      0.0000000      0.0000000
   772      1.1773253    -0.76820193      0.0000000      0.0000000
   773      1.1738507    -0.76284288      0.0000000      0.0000000
   774      1.1752228    -0.76374052      0.0000000      0.0000000
   775      1.1774981    -0.76522942      0.0000000      0.0000000
   776      1.1766884    -0.76361527      0.0000000      0.0000000
   777      1.1770296    -0.76423275      0.0000000      0.0000000
   778      1.1803435    -0.76760195      0.0000000      0.0000000
   779      1.1770136    -0.76331878      0.0000000      0.0000000
   780      1.1759011    -0.75873842      0.0000000      0.0000000
   781      1.1573663    -0.73186342      0.0000000      0.0000000
   782      1.1597601    -0.73389008      0.0000000      0.0000000
   783      1.1563260    -0.72874053      0.0000000      0.0000000
   784      1.1592000    -0.73329564      0.0000000      0.0000000
   785      1.1597197    -0.73487828      0.0000000      0.0000000
   786      1.1633524    -0.74117518      0.0000000      0.0000000
   787      1.1643520    -0.74173665      0.0000000      0.0000000
   788      1.1641974    -0.73959321      0.0000000      0.0000000
   789      1.1602234    -0.73353914      0.0000000      0.0000000
   790      1.1605920    -0.73201168      0.0000000      0.0000000
   791      1.1572352    -0.72797696      0.0000000      0.0000000
   792      1.1578170    -0.72773676      0.0000000      0.0000000
   793      1.1525791    -0.71959858      0.0000000      0.0000000
   794      1.1502559    -0.71298272      0.0000000      0.0000000
   795      1.1535612    -0.71629776      0.0000000      0.0000000
   796      1.1512947    -0.71413353      0.0000000      0.0000000
   797      1.1501463    -0.71088135      0.0000000      0.0000000
   798      1.1552918    -0.71734535      0.0000000      0.0000000
   799      1.1542397    -0.71561726      0.0000000      0.0000000
   800      1.1576433    -0.71868150      0.0000000      0.0000000
   801      1.1618147    -0.72406232      0.0000000      0.0000000
   802      1.1609150    -0.72312697      0.0000000      0.0000000
   803      1.1638329    -0.72610130      0.0000000      0.0000000
   804      1.1599672    -0.72039349      0.0000000      0.0000000
   805      1.1598003    -0.72063468      0.0000000      0.0000000
   806      1.1622311    -0.72220822      0.0000000      0.0000000
   807      1.1648573    -0.72647210      0.0000000      0.0000000
   808      1.1620838    -0.72032962      0.0000000      0.0000000
   809      1.1596413    -0.71842555      0.0000000      0.0000000
   810      1.1573622    -0.71412481      0.0000000      0.0000000
   811      1.1571286    -0.71215979      0.0000000      0.0000000
   812      1.1540955    -0.70607196      0.0000000      0.0000000
   813      1.1491830    -0.69775465      0.0000000      0.0000000
   814      1.1492478    -0.69628115      0.0000000      0.0000000
   815      1.1487534    -0.69424083      0.0000000      0.0000000
   816      1.1318856    -0.67082259      0.0000000      0.0000000
   817      1.1450341    -0.68516552      0.0000000      0.0000000
   818      1.1296828    -0.66440605      0.0000000      0.0000000
   819      1.1336864    -0.66910073      0.0000000      0.0000000
   820      1.1339262    -0.66705876      0.0000000      0.0000000
   821      1.1338885    -0.66541493      0.0000000      0.0000000
   822      1.1354331    -0.66787822      0.0000000      0.0000000
   823      1.1372081    -0.67063861      0.0000000      0.0000000
   824      1.1369305    -0.67047858      0.0000000      0.0000000
   825      1.1256156    -0.65573999      0.0000000      0.0000000
   826      1.1257123    -0.65725416      0.0000000      0.0000000
   827      1.1272161    -0.66023590      0.0000000      0.0000000
   828      1.1280498    -0.65922355      0.0000000      0.0000000
   829      1.1316728    -0.66275846      0.0000000      0.0000000
   830      1.1345103    -0.66415461      0.0000000      0.0000000
   831      1.1327815    -0.66154946      0.0000000      0.0000000
   832      1.1222368    -0.64986804      0.0000000      0.0000000
   833      1.1209548    -0.64731451      0.0000000      0.0000000
   834      1.1216127    -0.64860845      0.0000000      0.0000000
   835      1.1228166    -0.65073977      0.0000000      0.0000000
   836      1.1233769    -0.65082302      0.0000000      0.0000000
   837      1.1201498    -0.64542146      0.0000000      0.0000000
   838      1.1167604    -0.64077488      0.0000000      0.0000000
   839      1.1134155    -0.63404460      0.0000000      0.0000000
   840      1.1142928    -0.63427056      0.0000000      0.0000000
   841      1.1129393    -0.63346639      0.0000000      0.0000000
   842      1.1107342    -0.63033888      0.0000000      0.0000000
   843      1.1136438    -0.63249620      0.0000000      0.0000000
   844      1.1129109    -0.63093906      0.0000000      0.0000000
   845      1.1159741    -0.63420365      0.0000000      0.0000000
   846      1.1165566    -0.63604100      0.0000000      0.0000000
   847      1.1187729    -0.63987529      0.0000000      0.0000000
   848      1.1227001    -0.64538843      0.0000000      0.0000000
   849      1.1269580    -0.64937285      0.0000000      0.0000000
   850      1.1227335    -0.64267680      0.0000000      0.0000000
   851      1.1098723    -0.62775911      0.0000000      0.0000000
   852      1.1073883    -0.62219416      0.0000000      0.0000000
   853      1.1034452    -0.61530989      0.0000000      0.0000000
   854      1.1011558    -0.61371966      0.0000000      0.0000000
   855      1.1059864    -0.62120295      0.0000000      0.0000000
   856      1.0944087    -0.60622394      0.0000000      0.0000000
   857      1.0902936    -0.60239360      0.0000000      0.0000000
   858      1.0864626    -0.59643216      0.0000000      0.0000000
   859      1.0865311    -0.59910831      0.0000000      0.0000000
   860      1.0867660    -0.59866298      0.0000000      0.0000000
   861      1.0887343    -0.60119648      0.0000000      0.0000000
   862      1.0895501    -0.60060228      0.0000000      0.0000000
   863      1.0870923    -0.59894806      0.0000000      0.0000000
   864      1.0823865    -0.59188957      0.0000000      0.0000000
   865      1.0819391    -0.59082752      0.0000000      0.0000000
   866      1.0816870    -0.59128953      0.0000000      0.0000000
   867      1.0895133    -0.60112864      0.0000000      0.0000000
   868      1.0881396    -0.59940210      0.0000000      0.0000000
   869      1.0859016    -0.59476790      0.0000000      0.0000000
   870      1.0903418    -0.59977744      0.0000000      0.0000000
   871      1.0951791    -0.60396378      0.0000000      0.0000000
   872      1.0927285    -0.59842514      0.0000000      0.0000000
   873      1.0892345    -0.59381783      0.0000000      0.0000000
   874      1.0848131    -0.58732665      0.0000000      0.0000000
   875      1.0881593    -0.59211556      0.0000000      0.0000000
   876      1.0916855    -0.59641933      0.0000000      0.0000000
   877      1.0940949    -0.59943416      0.0000000      0.0000000
   878      1.0934393    -0.59818078      0.0000000      0.0000000
   879      1.0895434    -0.59300273      0.0000000      0.0000000
   880      1.0912283    -0.59320307      0.0000000      0.0000000
   881      1.0917027    -0.59299175      0.0000000      0.0000000
   882      1.0920857    -0.59504219      0.0000000      0.0000000
   883      1.0917479    -0.59549775      0.0000000      0.0000000
   884      1.0939061    -0.59846656      0.0000000      0.0000000
   885      1.0926613    -0.59558394      0.0000000      0.0000000
   886      1.0811964    -0.58008373      0.0000000      0.0000000
   887      1.0816757    -0.57972282      0.0000000      0.0000000
   888      1.0828534    -0.57927274      0.0000000      0.0000000
   889      1.0838005    -0.58007154      0.0000000      0.0000000
   890      1.0709556    -0.56570949      0.0000000      0.0000000
   891      1.0825614    -0.57850352      0.0000000      0.0000000
   892      1.0864718    -0.58430012      0.0000000      0.0000000
   893      1.0820576    -0.57680844      0.0000000      0.0000000
   894      1.0829378    -0.57538386      0.0000000      0.0000000
   895      1.0836944    -0.57631508      0.0000000      0.0000000
   896      1.0883254    -0.58065119      0.0000000      0.0000000
   897      1.0899962    -0.58490792      0.0000000      0.0000000
   898      1.0876030    -0.58036836      0.0000000      0.0000000
   899      1.0912422    -0.58580795      0.0000000      0.0000000
   900      1.0908581    -0.58455953      0.0000000      0.0000000
   901      1.0909032    -0.58244509      0.0000000      0.0000000
   902      1.0798358    -0.57186338      0.0000000      0.0000000
   903      1.0794119    -0.57021270      0.0000000      0.0000000
   904      1.0766364    -0.56556674      0.0000000      0.0000000
   905      1.0731201    -0.55898232      0.0000000      0.0000000
   906      1.0712216    -0.55425307      0.0000000      0.0000000
   907      1.0704287    -0.55330535      0.0000000      0.0000000
   908      1.0486286    -0.52569339      0.0000000      0.0000000
   909      1.0524047    -0.53027051      0.0000000      0.0000000
   910      1.0549004    -0.53292939      0.0000000      0.0000000
   911      1.0562958    -0.53290044      0.0000000      0.0000000
   912      1.0597363    -0.53525947      0.0000000      0.0000000
   913      1.0480687    -0.52025042      0.0000000      0.0000000
   914      1.0505661    -0.52287434      0.0000000      0.0000000
   915      1.0526933    -0.52567090      0.0000000      0.0000000
   916      1.0545008    -0.52765950      0.0000000      0.0000000
   917      1.0530171    -0.52598350      0.0000000      0.0000000
   918      1.0549772    -0.52821587      0.0000000      0.0000000
   919      1.0549519    -0.52949175      0.0000000      0.0000000
   920      1.0562382    -0.53098762      0.0000000      0.0000000
   921      1.0558483    -0.52938391      0.0000000      0.0000000
   922      1.0526657    -0.52551072      0.0000000      0.0000000
   923      1.0535539    -0.52644454      0.0000000      0.0000000
   924      1.0528228    -0.52451973      0.0000000      0.0000000
   925      1.0522679    -0.52489497      0.0000000      0.0000000
   926      1.0535066    -0.52627207      0.0000000      0.0000000
   927      1.0390609    -0.50921871      0.0000000      0.0000000
   928      1.0406448    -0.50990448      0.0000000      0.0000000
   929      1.0387549    -0.50769754      0.0000000      0.0000000
   930      1.0391551    -0.50516567      0.0000000      0.0000000
   931      1.0260635    -0.49025459      0.0000000      0.0000000
   932      1.0276653    -0.49123260      0.0000000      0.0000000
   933      1.0129064    -0.47503905      0.0000000      0.0000000
   934      1.0124883    -0.47685863      0.0000000      0.0000000
   935      1.0158579    -0.48232417      0.0000000      0.0000000
   936      1.0129001    -0.47970661      0.0000000      0.0000000
   937      1.0133386    -0.48080606      0.0000000      0.0000000
   938      1.0131523    -0.48068562      0.0000000      0.0000000
   939      1.0078045    -0.47413729      0.0000000      0.0000000
   940      1.0075256    -0.47453589      0.0000000      0.0000000
   941      1.0072599    -0.47330644      0.0000000      0.0000000
   942      1.0050042    -0.47117354      0.0000000      0.0000000
   943      1.0037943    -0.46903608      0.0000000      0.0000000
   944      1.0030847    -0.46647513      0.0000000      0.0000000
   945      1.0045237    -0.46885850      0.0000000      0.0000000
   946      1.0075634    -0.47126989      0.0000000      0.0000000
   947      1.0044156    -0.46696808      0.0000000      0.0000000
   948      1.0046399    -0.46674378      0.0000000      0.0000000
   949     0.99915712    -0.45965516      0.0000000      0.0000000
   950     0.99932132    -0.45978747      0.0000000      0.0000000
   951      1.0015542    -0.46259760      0.0000000      0.0000000
   952      1.0024394    -0.46231289      0.0000000      0.0000000
   953      1.0040070    -0.46360466      0.0000000      0.0000000
   954      1.0023099    -0.46220678      0.0000000      0.0000000
   955     0.99090621    -0.44901227      0.0000000      0.0000000
   956     0.98894660    -0.44534816      0.0000000      0.0000000
   957     0.98959710    -0.44454655      0.0000000      0.0000000
   958     0.99085096    -0.44511231      0.0000000      0.0000000
   959     0.98859036    -0.44132965      0.0000000      0.0000000
   960     0.98437250    -0.43591182      0.0000000      0.0000000
   961     0.98382216    -0.43486359      0.0000000      0.0000000
   962     0.98694075    -0.43619501      0.0000000      0.0000000
   963     0.97133915    -0.42008896      0.0000000      0.0000000
   964     0.97088727    -0.41933855      0.0000000      0.0000000
   965     0.96926441    -0.41599035      0.0000000      0.0000000
   966     0.96946402    -0.41564507      0.0000000      0.0000000
   967     0.97204462    -0.41822364      0.0000000      0.0000000
   968     0.97174443    -0.41874506      0.0000000      0.0000000
   969     0.97229202    -0.41759375      0.0000000      0.0000000
   970     0.97140419    -0.41637105      0.0000000      0.0000000
   971     0.97093193    -0.41570454      0.0000000      0.0000000
   972     0.96946006    -0.41229709      0.0000000      0.0000000
   973     0.96593725    -0.40692812      0.0000000      0.0000000
   974     0.96533465    -0.40677958      0.0000000      0.0000000
   975     0.96579476    -0.40700931      0.0000000      0.0000000
   976     0.96055907    -0.40286132      0.0000000      0.0000000
   977     0.95763425    -0.40042019      0.0000000      0.0000000
   978     0.95898232    -0.40168927      0.0000000      0.0000000
   979     0.95834223    -0.40114380      0.0000000      0.0000000
   980     0.96171211    -0.40416622      0.0000000      0.0000000
   981     0.95955799    -0.40196141      0.0000000      0.0000000
   982     0.96450409    -0.40582180      0.0000000      0.0000000
   983     0.96459365    -0.40602416      0.0000000      0.0000000
   984     0.96134367    -0.40168957      0.0000000      0.0000000
   985     0.96284027    -0.40146824      0.0000000      0.0000000
   986     0.96270164    -0.39923945      0.0000000      0.0000000
   987     0.95947425    -0.39545276      0.0000000      0.0000000
   988     0.95405533    -0.39127149      0.0000000      0.0000000
   989     0.95770160    -0.39547110      0.0000000      0.0000000
   990     0.95935489    -0.39592163      0.0000000      0.0000000
   991     0.95867721    -0.39381759      0.0000000      0.0000000
   992     0.95723425    -0.39194656      0.0000000      0.0000000
   993     0.95609209    -0.39044302      0.0000000      0.0000000
   994     0.95957430    -0.39338665      0.0000000      0.0000000
   995     0.96237547    -0.39498833      0.0000000      0.0000000
   996     0.96075189    -0.39246715      0.0000000      0.0000000
   997     0.96384863    -0.39686551      0.0000000      0.0000000
   998     0.96149506    -0.39572575      0.0000000      0.0000000
   999     0.96442812    -0.39773505      0.0000000      0.0000000
